800 113 400 3 1367
800 48 400 11 1764
800 52 400 15 1148
800 164 400 14 560
800 131 400 10 1832
800 166 400 9 2497
800 1 400 9 1531
800 15 400 3 2172
800 12 400 8 631
800 74 400 3 2147
800 2 400 11 1078
800 43 400 14 2431
800 32 400 9 974
800 145 400 5 1524
800 183 400 8 2439
800 259 400 13 1951
800 38 400 10 1193
800 45 400 15 2351
800 2 400 13 1896
800 382 400 14 2425
800 3 400 8 727
800 33 400 5 612
800 26 400 13 620
800 11 400 5 1307
800 128 400 6 1277
800 50 400 3 2410
800 176 400 4 1981
800 25 400 15 1711
800 210 400 8 1544
800 139 400 12 1674
800 257 400 9 1966
800 48 400 6 1649
800 129 400 15 823
800 7 400 11 810
800 399 400 10 1688
800 2 400 13 528
800 45 400 15 656
800 264 400 3 1433
800 53 400 4 988
800 135 400 14 597
800 140 400 15 1534
800 8 400 10 1250
800 289 400 9 1774
800 62 400 10 1880
800 82 400 9 2027
800 96 400 3 1106
800 18 400 3 2320
800 155 400 7 1430
800 40 400 4 2252
800 27 400 6 1211
800 22 400 12 889
800 40 400 7 874
800 166 400 14 1097
800 83 400 6 1878
800 212 400 15 738
800 140 400 6 2184
800 127 400 12 1188
800 197 400 6 644
800 193 400 14 2431
800 39 400 5 1711
800 165 400 12 2258
800 102 400 3 1644
800 79 400 14 2072
800 233 400 10 2438
800 165 400 4 1206
800 122 400 8 579
800 207 400 7 1070
800 99 400 10 2473
800 352 400 3 2344
800 20 400 12 651
800 302 400 12 1506
800 384 400 15 1372
800 62 400 3 1975
800 76 400 7 2363
800 2 400 9 2375
800 282 400 7 1724
800 125 400 7 1959
800 2 400 12 1122
800 134 400 5 1016
800 21 400 9 1609
800 41 400 13 1753
800 174 400 5 2349
800 184 400 11 1832
800 47 400 15 1580
800 110 400 10 1658
800 263 400 3 601
800 1 400 13 763
800 59 400 4 2214
800 109 400 3 853
800 201 400 12 844
800 167 400 5 2104
800 18 400 5 2342
800 333 400 4 1933
800 2 400 12 592
800 148 400 3 2494
800 63 400 7 950
800 7 400 8 1712
800 348 400 8 1881
800 39 400 8 1162
800 131 400 9 1394
800 38 400 5 826
800 4 400 15 1339
800 309 400 9 1130
800 352 400 8 1441
800 55 400 15 1690
800 12 400 9 2010
800 28 400 5 1337
800 87 400 11 994
800 116 400 3 1522
800 15 400 6 684
800 254 400 7 1346
800 253 400 14 1414
800 95 400 5 721
800 79 400 13 1368
800 62 400 15 759
800 30 400 13 1272
800 385 400 13 1298
800 273 400 7 957
800 18 400 7 2230
800 129 400 4 2339
800 58 400 7 742
800 86 400 7 1386
800 217 400 7 965
800 258 400 15 1021
800 2 400 14 1400
800 152 400 6 1513
800 212 400 15 1662
800 292 400 13 1764
800 10 400 9 1606
800 121 400 6 1197
800 347 400 13 2225
800 124 400 14 1536
800 225 400 7 773
800 130 400 10 869
800 216 400 11 1865
800 260 400 11 842
800 243 400 15 1572
800 233 400 9 1626
800 7 400 14 1623
800 25 400 15 1196
800 132 400 11 1676
800 383 400 11 697
800 46 400 13 2499
800 272 400 12 507
800 9 400 13 554
800 77 400 13 581
800 393 400 5 783
800 352 400 6 1926
800 7 400 3 2319
800 3 400 12 1699
800 44 400 15 777
800 1 400 12 2185
800 163 400 14 1694
800 35 400 14 1021
800 4 400 10 980
800 50 400 8 2251
800 4 400 8 1999
800 67 400 12 1257
800 298 400 4 1298
800 23 400 12 1016
800 276 400 5 1503
800 385 400 12 2158
800 367 400 14 2469
800 20 400 5 780
800 126 400 5 750
800 160 400 6 1794
800 3 400 15 852
800 332 400 6 1929
800 238 400 14 575
800 18 400 8 1722
800 23 400 12 705
800 324 400 13 2273
800 15 400 3 1617
800 189 400 7 1779
800 6 400 15 1809
800 169 400 3 1409
800 1 400 5 1658
800 255 400 15 588
800 381 400 11 1016
800 295 400 4 1313
800 128 400 6 1207
800 75 400 13 598
800 145 400 5 2388
800 127 400 6 1100
800 209 400 4 1945
800 2 400 10 1342
800 20 400 6 2446
800 2 400 8 2415
800 79 400 6 800
800 139 400 15 1064
800 386 400 9 1968
800 219 400 10 824
800 245 400 7 1264
800 8 400 8 1562
800 12 400 8 1560
800 201 400 8 975
800 4 400 3 1184
800 274 400 7 1740
800 99 400 15 1406
800 81 400 11 1888
800 251 400 12 1552
800 58 400 15 2440
800 87 400 6 1101
800 9 400 15 1735
800 51 400 4 1959
800 24 400 12 503
800 112 400 12 2336
800 178 400 8 2023
800 2 400 9 1758
800 195 400 9 771
800 19 400 12 515
800 15 400 13 2227
800 20 400 9 2428
800 106 400 8 1361
800 8 400 7 1123
800 175 400 12 2316
800 1 400 4 2333
800 318 400 3 1780
800 365 400 6 1782
800 10 400 12 1518
800 281 400 11 1197
800 204 400 12 1770
800 6 400 6 2065
800 31 400 5 1946
800 203 400 15 865
800 293 400 13 1294
800 13 400 5 1953
800 1 400 10 1108
800 205 400 13 1347
800 45 400 8 1183
800 164 400 11 1591
800 121 400 10 1793
800 340 400 9 1275
800 376 400 6 1817
800 256 400 6 1668
800 76 400 9 674
800 15 400 14 1821
800 132 400 8 2192
800 271 400 11 1718
800 120 400 7 1285
800 122 400 3 1264
800 176 400 10 716
800 135 400 4 2099
800 27 400 12 1320
800 5 400 3 883
800 262 400 7 1056
800 199 400 8 984
800 86 400 13 779
800 237 400 10 2181
800 14 400 10 740
800 27 400 8 1688
800 34 400 13 2374
800 138 400 10 1344
800 359 400 7 1563
800 145 400 14 2393
800 182 400 3 2435
800 4 400 9 2408
800 271 400 11 2280
800 33 400 7 2052
800 10 400 5 2367
800 34 400 4 1620
800 385 400 15 1219
800 56 400 12 1833
800 111 400 3 1914
800 325 400 15 902
800 120 400 7 959
800 7 400 11 2456
800 15 400 5 1129
800 138 400 5 2481
800 149 400 7 753
800 166 400 10 754
800 106 400 13 1064
800 128 400 13 966
800 224 400 13 674
800 2 400 3 2463
800 86 400 6 2048
800 383 400 3 2260
800 1 400 9 1788
800 298 400 9 2328
800 322 400 3 1924
800 30 400 15 1085
800 8 400 11 1841
800 135 400 3 2469
800 34 400 3 2460
800 21 400 10 766
800 17 400 6 1419
800 126 400 13 1838
800 188 400 5 1908
800 272 400 5 1758
800 204 400 15 1274
800 81 400 7 1422
800 17 400 12 639
800 11 400 3 1104
800 224 400 6 2387
800 29 400 8 2279
800 221 400 10 1132
800 279 400 6 605
800 1 400 14 1196
800 320 400 5 855
800 52 400 6 1416
800 7 400 13 2461
800 113 400 14 2301
800 7 400 5 674
800 79 400 5 2472
800 134 400 6 1102
800 291 400 6 2347
800 277 400 8 1082
800 2 400 12 1098
800 1 400 8 1036
800 4 400 15 1166
800 34 400 7 2394
800 103 400 14 1535
800 109 400 10 1129
800 86 400 5 1419
800 69 400 9 1372
800 145 400 7 2383
800 78 400 15 664
800 10 400 11 582
800 193 400 9 2031
800 371 400 14 501
800 258 400 8 1855
800 103 400 5 730
800 154 400 8 826
800 137 400 4 1715
800 187 400 11 1418
800 21 400 3 1685
800 70 400 13 1660
800 151 400 15 510
800 101 400 8 1392
800 20 400 13 1318
800 2 400 14 1649
800 228 400 5 678
800 66 400 6 1704
800 1 400 10 1271
800 114 400 6 1052
800 305 400 12 2072
800 73 400 3 1886
800 94 400 11 1819
800 287 400 9 2416
800 91 400 9 530
800 133 400 4 805
800 261 400 4 1576
800 118 400 8 546
800 54 400 5 996
800 245 400 8 1377
800 93 400 5 1014
800 353 400 3 659
800 156 400 9 1750
800 90 400 8 2425
800 333 400 14 656
800 355 400 5 788
800 72 400 11 1472
800 315 400 9 2426
800 96 400 14 1214
800 310 400 7 1396
800 310 400 8 2103
800 24 400 15 1219
800 140 400 6 2225
800 183 400 11 1879
800 6 400 14 1609
800 158 400 11 1987
800 10 400 11 1354
800 75 400 11 1302
800 86 400 7 1916
800 28 400 5 1420
800 247 400 8 685
800 28 400 4 1435
800 49 400 4 2167
800 36 400 9 2412
800 376 400 8 829
800 2 400 13 1342
800 344 400 11 1746
800 232 400 13 539
800 93 400 4 917
800 42 400 12 1883
800 25 400 6 877
800 358 400 6 2113
800 345 400 4 2052
800 190 400 5 1069
800 382 400 4 1666
800 347 400 8 1888
800 32 400 13 2325
800 47 400 4 546
800 201 400 8 1015
800 331 400 14 2250
800 248 400 12 1365
800 6 400 14 1524
800 261 400 8 741
800 2 400 14 651
800 8 400 8 2256
800 217 400 12 999
800 228 400 5 776
800 13 400 15 1108
800 201 400 14 1363
800 147 400 6 1872
800 307 400 7 2380
800 374 400 4 2266
800 166 400 11 2415
800 335 400 7 1987
800 1 400 13 885
800 176 400 6 741
800 63 400 11 1259
800 11 400 8 1230
800 2 400 3 822
800 38 400 14 801
800 155 400 15 2496
800 383 400 11 2429
800 3 400 3 2260
800 339 400 11 1137
800 146 400 5 1128
800 170 400 14 2188
800 105 400 3 1071
800 111 400 3 1123
800 119 400 15 2034
800 6 400 3 645
800 57 400 7 1955
800 160 400 9 1919
800 233 400 4 2346
800 42 400 15 1768
800 85 400 3 593
800 5 400 14 1290
800 316 400 13 1719
800 14 400 15 1887
800 132 400 14 2471
800 186 400 3 985
800 2 400 8 1447
800 33 400 3 1125
800 98 400 14 1515
800 61 400 9 2404
800 4 400 7 2196
800 306 400 8 1173
800 297 400 4 1113
800 74 400 3 767
800 51 400 9 1574
800 199 400 7 2359
800 119 400 12 1847
800 22 400 12 2475
800 346 400 5 1769
800 165 400 12 779
800 37 400 10 1452
800 47 400 7 2047
800 205 400 11 1261
800 34 400 4 774
800 241 400 13 780
800 5 400 7 2136
800 349 400 11 1647
800 126 400 8 1621
800 13 400 5 1670
800 234 400 5 2105
800 348 400 15 2183
800 78 400 14 2024
800 59 400 5 1846
800 95 400 15 555
800 16 400 15 766
800 170 400 3 1290
800 89 400 8 810
800 148 400 15 714
800 251 400 13 649
800 13 400 14 2301
800 103 400 3 1311
800 29 400 13 1884
800 397 400 3 2098
800 54 400 3 779
800 126 400 12 2091
800 12 400 13 1076
800 243 400 9 2344
800 38 400 15 2430
800 12 400 5 1192
800 162 400 9 1446
800 52 400 12 1743
800 175 400 8 2264
800 145 400 9 2170
800 20 400 15 1508
800 150 400 6 1118
800 83 400 6 1044
800 39 400 12 1977
800 224 400 9 1648
800 13 400 6 1227
800 59 400 5 1237
800 7 400 3 815
800 275 400 14 2379
800 188 400 11 1475
800 26 400 12 1500
800 46 400 4 1102
800 292 400 14 2119
800 89 400 5 545
800 16 400 11 745
800 367 400 6 2201
800 45 400 9 2171
800 271 400 8 1079
800 256 400 4 688
800 191 400 7 1995
800 154 400 13 978
800 33 400 4 1330
800 310 400 3 967
800 5 400 5 508
800 77 400 7 1775
800 16 400 10 1497
800 218 400 13 1619
800 256 400 9 1373
800 326 400 12 2353
800 45 400 8 2124
800 32 400 8 1891
800 82 400 8 2210
800 147 400 8 1210
800 63 400 4 1751
800 22 400 9 2016
800 192 400 13 893
800 318 400 10 645
800 277 400 11 2225
800 42 400 9 1040
800 176 400 8 808
800 194 400 3 1636
800 180 400 4 2460
800 373 400 12 1214
800 352 400 7 590
800 2 400 7 1960
800 4 400 10 2360
800 194 400 6 2040
800 44 400 15 637
800 67 400 8 1508
800 193 400 12 2365
800 27 400 13 1225
800 323 400 11 1550
800 162 400 15 1198
800 53 400 13 692
800 398 400 11 1896
800 282 400 15 1522
800 95 400 9 1932
800 112 400 13 1859
800 50 400 11 1069
800 57 400 5 784
800 177 400 10 1221
800 78 400 11 2414
800 41 400 5 2489
800 1 400 7 1251
800 170 400 7 2237
800 90 400 5 1671
800 289 400 10 718
800 44 400 7 669
800 68 400 11 2291
800 191 400 3 2072
800 370 400 9 1410
800 184 400 15 2072
800 1 400 6 877
800 54 400 12 1743
800 20 400 11 1070
800 112 400 8 2028
800 32 400 9 1435
800 310 400 8 711
800 121 400 4 1608
800 30 400 14 2161
800 135 400 8 1614
800 43 400 6 2365
800 47 400 9 1548
800 31 400 8 845
800 48 400 14 1240
800 200 400 9 2184
800 73 400 12 1541
800 12 400 5 2347
800 74 400 8 1338
800 61 400 5 1136
800 126 400 13 1764
800 80 400 5 1727
800 90 400 14 1331
800 222 400 7 715
800 348 400 13 1936
800 2 400 10 1277
800 336 400 7 2149
800 45 400 13 1380
800 18 400 8 1884
800 322 400 11 2083
800 277 400 6 2230
800 160 400 4 638
800 26 400 13 1255
800 122 400 13 1100
800 364 400 8 2347
800 328 400 6 2228
800 11 400 12 1603
800 19 400 6 1405
800 122 400 13 1700
800 7 400 11 1824
800 56 400 7 1124
800 390 400 9 1983
800 218 400 4 1255
800 302 400 11 1604
800 91 400 9 987
800 391 400 5 780
800 8 400 7 530
800 49 400 3 2394
800 174 400 6 1050
800 49 400 5 1751
800 39 400 11 1186
800 103 400 9 714
800 6 400 7 2185
800 21 400 11 1432
800 5 400 10 2059
800 8 400 11 2427
800 247 400 3 1881
800 15 400 15 2006
800 36 400 3 1439
800 2 400 3 1636
800 319 400 6 1595
800 75 400 12 2112
800 38 400 15 2178
800 209 400 8 2037
800 103 400 4 2273
800 99 400 3 2225
800 242 400 4 1915
800 113 400 12 1103
800 63 400 3 2282
800 127 400 9 785
800 40 400 5 2326
800 111 400 6 2214
800 2 400 4 2484
800 368 400 5 831
800 24 400 13 746
800 186 400 9 1539
800 60 400 8 1959
800 90 400 7 2113
800 102 400 15 768
800 226 400 6 951
800 13 400 14 1969
800 75 400 10 2074
800 325 400 8 607
800 234 400 9 526
800 308 400 12 1177
800 45 400 5 1727
800 25 400 12 1078
800 139 400 4 1196
800 185 400 8 590
800 25 400 11 1423
800 14 400 14 1333
800 19 400 5 550
800 178 400 11 2443
800 50 400 4 2474
800 236 400 4 1709
800 4 400 9 1043
800 88 400 8 642
800 67 400 12 1955
800 19 400 9 1580
800 326 400 15 2152
800 61 400 3 1079
800 224 400 5 1275
800 84 400 15 1398
800 8 400 5 974
800 10 400 14 2135
800 129 400 12 1363
800 79 400 15 2200
800 61 400 6 1648
800 174 400 4 651
800 15 400 8 1533
800 277 400 6 811
800 343 400 3 2229
800 219 400 10 1731
800 121 400 12 550
800 17 400 10 2135
800 26 400 11 2007
800 116 400 5 1547
800 18 400 8 666
800 132 400 7 841
800 79 400 13 1121
800 94 400 11 1049
800 336 400 6 1575
800 389 400 6 670
800 60 400 6 510
800 103 400 11 2389
800 299 400 14 513
800 50 400 13 2484
800 36 400 15 2370
800 290 400 12 824
800 91 400 12 1244
800 370 400 8 2098
800 7 400 12 1025
800 26 400 15 2016
800 1 400 11 1930
800 90 400 5 2178
800 45 400 3 748
800 14 400 13 1248
800 90 400 4 948
800 80 400 11 1291
800 226 400 7 2303
800 82 400 10 1256
800 74 400 12 1336
800 2 400 15 734
800 95 400 6 1587
800 42 400 10 1939
800 113 400 3 1174
800 91 400 9 2170
800 43 400 10 920
800 124 400 8 1052
800 113 400 7 1340
800 32 400 12 1557
800 297 400 7 1082
800 205 400 5 1080
800 172 400 15 1321
800 49 400 15 2309
800 348 400 5 2203
800 121 400 4 1467
800 84 400 7 935
800 382 400 9 2353
800 307 400 8 1484
800 98 400 15 1058
800 12 400 6 903
800 69 400 5 1110
800 34 400 9 923
800 175 400 5 535
800 14 400 15 1372
800 12 400 13 1682
800 1 400 5 2220
800 219 400 9 2403
800 64 400 7 1133
800 136 400 13 1179
800 56 400 8 2007
800 21 400 4 1700
800 8 400 12 2347
800 2 400 8 894
800 15 400 10 1224
800 142 400 7 1388
800 161 400 7 621
800 270 400 14 1053
800 52 400 3 665
800 227 400 7 1856
800 84 400 13 1555
800 133 400 9 2368
800 87 400 5 1233
800 215 400 9 1518
800 84 400 3 2432
800 141 400 10 1307
800 34 400 10 2385
800 32 400 13 2007
800 58 400 9 2145
800 24 400 13 1134
800 39 400 5 2454
800 376 400 4 1522
800 66 400 4 1812
800 150 400 3 1429
800 4 400 5 2050
800 177 400 6 1663
800 16 400 10 1828
800 77 400 4 1531
800 242 400 6 1954
800 3 400 13 2451
800 325 400 3 671
800 98 400 10 1066
800 154 400 14 627
800 170 400 8 670
800 22 400 9 1069
800 23 400 3 1510
800 23 400 5 1608
800 318 400 11 616
800 21 400 14 2470
800 74 400 10 1429
800 195 400 9 771
800 2 400 11 941
800 358 400 11 2108
800 102 400 15 962
800 142 400 3 2305
800 39 400 5 990
800 343 400 14 2267
800 19 400 5 1605
800 83 400 7 1645
800 21 400 15 2196
800 346 400 13 1147
800 61 400 5 1297
800 21 400 12 1246
800 46 400 9 1520
800 41 400 3 774
800 11 400 11 659
800 138 400 7 1355
800 277 400 6 2171
800 195 400 14 2369
800 47 400 12 1557
800 2 400 7 2405
800 13 400 11 1018
800 330 400 14 2062
800 108 400 9 2021
800 66 400 6 1292
800 4 400 14 2114
800 15 400 10 2403
800 290 400 5 918
800 163 400 12 739
800 64 400 15 1640
800 76 400 9 2420
800 94 400 11 554
800 64 400 3 2284
800 6 400 6 1616
800 67 400 4 799
800 382 400 12 550
800 62 400 8 2184
800 5 400 11 1017
800 133 400 3 2314
800 111 400 6 1628
800 118 400 5 2133
800 24 400 5 2269
800 88 400 6 1031
800 1 400 8 1708
800 46 400 7 1695
800 58 400 14 2432
800 349 400 3 2225
800 154 400 11 1923
800 37 400 9 2243
800 10 400 13 1621
800 23 400 4 2299
800 130 400 7 629
800 107 400 9 1168
800 56 400 14 1808
800 215 400 9 598
800 10 400 9 1141
800 3 400 11 2468
800 14 400 12 1210
800 48 400 10 1352
800 235 400 14 1501
800 199 400 9 2212
800 297 400 15 2430
800 30 400 15 1613
800 13 400 10 1934
800 32 400 10 2071
800 13 400 6 2234
800 105 400 12 1138
800 347 400 8 804
800 133 400 3 2245
800 163 400 12 553
800 15 400 4 538
800 1 400 5 798
800 112 400 7 2231
800 21 400 10 965
800 80 400 8 1687
800 60 400 3 2207
800 5 400 12 2208
800 234 400 8 1817
800 224 400 4 2445
800 5 400 6 2122
800 325 400 7 880
800 24 400 9 2183
800 335 400 3 1398
800 198 400 7 944
800 110 400 9 919
800 348 400 3 1585
800 375 400 13 1057
800 174 400 5 1279
800 216 400 3 2152
800 112 400 4 617
800 59 400 9 2331
800 378 400 4 1026
800 350 400 13 1578
800 173 400 12 1190
800 191 400 11 2062
800 375 400 12 1314
800 191 400 8 550
800 336 400 11 1670
800 68 400 4 2119
800 47 400 3 1563
800 341 400 3 1608
800 246 400 7 1938
800 186 400 13 578
800 139 400 14 655
800 160 400 8 1281
800 169 400 9 525
800 328 400 14 2145
800 247 400 8 2468
800 161 400 14 1986
800 38 400 5 1634
800 1 400 9 1722
800 60 400 8 1290
800 39 400 5 747
800 333 400 14 1737
800 190 400 15 1503
800 31 400 13 1616
800 328 400 10 955
800 17 400 12 1243
800 18 400 4 979
800 112 400 8 1146
800 167 400 13 826
800 174 400 14 698
800 23 400 14 1693
800 193 400 15 633
800 42 400 15 1780
800 294 400 10 915
800 150 400 12 542
800 1 400 14 2126
800 1 400 15 2258
800 58 400 6 1848
800 2 400 7 1257
800 106 400 5 2340
800 171 400 9 961
800 42 400 11 1105
800 308 400 4 2026
800 370 400 6 1148
800 81 400 6 1746
800 50 400 14 543
800 31 400 9 1986
800 357 400 12 2039
800 102 400 7 1902
800 136 400 8 2184
800 366 400 13 1393
800 5 400 7 2236
800 20 400 6 1782
800 376 400 12 920
800 184 400 3 2105
800 177 400 11 1812
800 120 400 11 1436
800 230 400 5 1275
800 86 400 5 752
800 121 400 4 1416
800 56 400 9 2489
800 69 400 7 2004
800 80 400 11 1306
800 24 400 4 838
800 23 400 9 2054
800 231 400 15 2415
800 377 400 14 775
800 37 400 13 1635
800 9 400 5 1534
800 373 400 10 1657
800 255 400 4 686
800 2 400 4 636
800 7 400 6 1842
800 91 400 11 1679
800 306 400 12 2234
800 134 400 5 1133
800 70 400 14 1766
800 377 400 8 1384
800 52 400 11 1493
800 228 400 4 1982
800 382 400 11 2113
800 37 400 10 1481
800 37 400 12 981
800 75 400 4 1764
800 6 400 14 1277
800 41 400 7 1281
800 11 400 14 1553
800 33 400 4 2435
800 206 400 4 902
800 292 400 14 813
800 1 400 9 1614
800 9 400 14 1827
800 32 400 12 2244
800 147 400 10 1053
800 337 400 13 1663
800 170 400 15 1172
800 26 400 4 2014
800 196 400 11 1613
800 56 400 14 852
800 51 400 6 1469
800 201 400 15 1539
800 72 400 13 1239
800 271 400 15 1013
800 283 400 12 1966
800 36 400 6 1783
800 243 400 10 2481
800 225 400 12 508
800 156 400 11 1882
800 5 400 12 2143
800 72 400 9 721
800 111 400 13 2260
800 228 400 12 1769
800 133 400 14 1471
800 54 400 5 1926
800 73 400 15 686
800 132 400 15 1921
800 4 400 4 1256
800 269 400 8 1666
800 1 400 10 1765
800 369 400 3 681
800 100 400 14 2466
800 95 400 4 1213
800 9 400 11 2436
800 337 400 13 2444
800 359 400 15 1441
800 74 400 11 825
800 385 400 9 2378
800 47 400 7 1614
800 205 400 14 638
800 72 400 3 976
800 143 400 3 654
800 78 400 13 2455
800 365 400 4 2489
800 23 400 3 2407
800 138 400 3 2346
800 33 400 10 1079
800 259 400 6 1340
800 117 400 11 2089
800 63 400 14 1493
800 171 400 7 2243
800 354 400 6 2369
800 52 400 8 1027
800 45 400 5 960
800 16 400 3 741
800 78 400 15 1262
800 252 400 15 743
800 144 400 5 2429
800 272 400 8 2439
800 110 400 15 2344
800 65 400 14 1679
800 64 400 10 1943
800 28 400 13 1302
800 50 400 7 535
800 396 400 10 1615
800 191 400 15 1351
