50 54 16127 800
50 156 14404 800
50 80 16747 800
50 577 19626 800
50 94 13464 800
50 104 13081 800
50 54 17583 800
50 704 12111 800
50 847 17387 800
50 66 11966 800
50 344 14476 800
50 60 17979 800
50 439 18949 800
50 1475 18912 800
50 919 11113 800
50 99 12330 800
50 104 13615 800
50 281 18666 800
50 239 19121 800
50 639 14617 800
50 249 18120 800
50 158 14254 800
50 185 15754 800
50 308 11164 800
50 575 11246 800
50 1248 15336 800
50 54 15945 800
50 586 18947 800
50 147 16222 800
50 399 18192 800
50 67 15553 800
50 209 18841 800
50 1306 16251 800
50 745 15001 800
50 1054 19570 800
50 114 17737 800
50 177 14568 800
50 1478 18857 800
50 186 15458 800
50 175 13710 800
50 179 18635 800
50 68 12296 800
50 813 11000 800
50 156 16291 800
50 1568 14026 800
50 886 13749 800
50 105 12056 800
50 893 11119 800
50 163 13030 800
50 1088 13184 800
50 52 18911 800
50 64 11745 800
50 95 14530 800
50 462 11740 800
50 1513 13598 800
50 295 13236 800
50 260 12443 800
50 221 13917 800
50 85 12133 800
50 1442 15390 800
50 190 16848 800
50 288 14903 800
50 194 16612 800
50 227 11069 800
50 63 13043 800
50 123 12571 800
50 185 14010 800
50 634 19714 800
50 71 18572 800
50 65 17384 800
50 128 18664 800
50 52 15941 800
50 241 16295 800
50 1561 14135 800
50 195 19505 800
50 91 16575 800
50 794 17057 800
50 1130 17928 800
50 318 11618 800
50 107 17969 800
50 194 16082 800
50 816 19228 800
50 290 14455 800
50 97 13041 800
50 141 18086 800
50 999 14832 800
50 190 15932 800
50 51 18287 800
50 275 11467 800
50 54 16988 800
50 345 11331 800
50 415 12653 800
50 64 19384 800
50 418 19074 800
50 54 18239 800
50 427 19629 800
50 1069 17135 800
50 327 14701 800
50 603 13081 800
50 52 18212 800
50 995 12713 800
50 87 11627 800
50 614 12361 800
50 112 18481 800
50 1455 18730 800
50 112 13436 800
50 1083 13755 800
50 115 16458 800
50 579 14330 800
50 172 17802 800
50 79 15022 800
50 118 19358 800
50 52 17957 800
50 150 11627 800
50 251 14433 800
50 56 12929 800
50 297 12351 800
50 357 15303 800
50 1395 15847 800
50 109 14600 800
50 65 12992 800
50 946 13340 800
50 1263 13628 800
50 52 12990 800
50 64 19938 800
50 140 15527 800
50 1282 11617 800
50 425 11509 800
50 131 13272 800
50 93 12838 800
50 536 17868 800
50 591 17477 800
50 122 16936 800
50 658 19800 800
50 70 12022 800
50 54 19784 800
50 240 12238 800
50 680 17080 800
50 289 15987 800
50 202 19062 800
50 623 12889 800
50 822 13584 800
50 287 18752 800
50 285 19528 800
50 655 13733 800
50 232 13560 800
50 72 11549 800
50 582 17339 800
50 128 18617 800
50 1236 15376 800
50 604 19851 800
50 1318 14042 800
50 1490 14204 800
50 468 18026 800
50 51 13680 800
50 154 14168 800
50 224 15074 800
50 241 18063 800
50 165 14637 800
50 62 13652 800
50 981 16452 800
50 53 16255 800
50 390 12788 800
50 153 18371 800
50 216 16032 800
50 869 19771 800
50 371 18693 800
50 360 18545 800
50 195 11323 800
50 785 19334 800
50 60 12029 800
50 164 12686 800
50 76 16085 800
50 681 19175 800
50 60 11129 800
50 398 14041 800
50 477 15104 800
50 148 18107 800
50 1117 17314 800
50 221 17330 800
50 116 17110 800
50 260 19405 800
50 263 15280 800
50 113 16386 800
50 414 16274 800
50 141 19626 800
50 1591 12734 800
50 234 18567 800
50 101 15480 800
50 377 13883 800
50 108 12894 800
50 803 17604 800
50 76 13944 800
50 680 17642 800
50 228 18552 800
50 678 18408 800
50 393 18133 800
50 191 19084 800
50 1212 18870 800
50 1159 17583 800
50 1279 17487 800
50 550 14199 800
50 51 15630 800
50 241 14448 800
50 97 14961 800
50 117 12982 800
50 891 12102 800
50 854 11717 800
50 768 14895 800
50 549 18593 800
50 511 19975 800
50 444 11925 800
50 955 14690 800
50 1434 13778 800
50 1517 13101 800
50 141 13126 800
50 437 16372 800
50 918 12204 800
50 938 14686 800
50 354 18270 800
50 758 11073 800
50 1038 13183 800
50 305 11605 800
50 323 16937 800
50 273 19637 800
50 333 17177 800
50 118 19073 800
50 1368 13894 800
50 127 17710 800
50 246 17735 800
50 79 15931 800
50 395 18147 800
50 87 18878 800
50 127 17538 800
50 131 13628 800
50 785 19837 800
50 473 12488 800
50 108 12658 800
50 97 15181 800
50 404 18830 800
50 321 13363 800
50 56 16144 800
50 189 14504 800
50 178 15365 800
50 558 13397 800
50 744 16798 800
50 1200 16906 800
50 201 11846 800
50 413 17351 800
50 133 16558 800
50 104 16634 800
50 137 11513 800
50 970 18228 800
50 236 13847 800
50 104 18107 800
50 665 13263 800
50 93 18500 800
50 475 13468 800
50 235 17671 800
50 1135 15825 800
50 53 13049 800
50 256 12021 800
50 188 14668 800
50 101 12765 800
50 694 13589 800
50 97 13897 800
50 70 15267 800
50 79 12214 800
50 273 15044 800
50 303 14511 800
50 56 19054 800
50 64 12061 800
50 123 18628 800
50 604 19979 800
50 129 17127 800
50 1211 18342 800
50 1048 12678 800
50 90 19434 800
50 535 11387 800
50 861 11059 800
50 738 14278 800
50 1508 12222 800
50 85 11461 800
50 51 18385 800
50 204 17462 800
50 75 11789 800
50 234 15353 800
50 100 19216 800
50 71 16545 800
50 106 19992 800
50 82 17899 800
50 813 19332 800
50 86 15581 800
50 81 18692 800
50 113 17836 800
50 74 16620 800
50 638 17203 800
50 117 16553 800
50 827 13290 800
50 72 12560 800
50 823 17810 800
50 65 13342 800
50 261 18426 800
50 211 18371 800
50 70 19398 800
50 69 15351 800
50 86 12431 800
50 110 12631 800
50 454 19944 800
50 707 13589 800
50 427 13172 800
50 480 18308 800
50 428 17480 800
50 1165 17992 800
50 1327 12349 800
50 130 12722 800
50 171 17515 800
50 215 13701 800
50 299 18219 800
50 1078 12942 800
50 405 19924 800
50 96 13937 800
50 64 15088 800
50 126 17535 800
50 60 13997 800
50 1546 17133 800
50 1362 17651 800
50 512 15788 800
50 251 17638 800
50 58 17014 800
50 55 18263 800
50 694 17539 800
50 57 11050 800
50 122 11229 800
50 817 12803 800
50 840 11111 800
50 356 16805 800
50 862 15601 800
50 94 11255 800
50 163 14461 800
50 422 16474 800
50 101 13415 800
50 1310 19238 800
50 174 17001 800
50 658 15843 800
50 51 14767 800
50 67 11988 800
50 1363 12091 800
50 171 19246 800
50 99 15212 800
50 299 17980 800
50 245 11421 800
50 285 11546 800
50 958 11538 800
50 1315 15182 800
50 695 12892 800
50 270 13813 800
50 82 13582 800
50 371 18892 800
50 87 16736 800
50 1207 13390 800
50 109 14007 800
50 232 11519 800
50 84 19432 800
50 229 18485 800
50 618 11658 800
50 316 19830 800
50 135 11392 800
50 95 15563 800
50 94 12460 800
50 869 18216 800
50 969 19393 800
50 111 12526 800
50 315 16129 800
50 116 19816 800
50 1137 14510 800
50 209 19725 800
50 365 11957 800
50 57 18067 800
50 124 16070 800
50 154 16511 800
50 656 19779 800
50 143 13076 800
50 1392 12105 800
50 99 18294 800
50 56 16171 800
50 181 12963 800
50 692 13970 800
50 116 11265 800
50 109 16869 800
50 1238 14642 800
50 933 12520 800
50 201 17270 800
50 277 12281 800
50 270 11392 800
50 664 13188 800
50 1430 17464 800
50 101 11545 800
50 805 11182 800
50 302 11935 800
50 54 14362 800
50 615 15839 800
50 728 14285 800
50 54 15220 800
50 970 14691 800
50 61 13636 800
50 1250 17831 800
50 807 19360 800
50 59 16519 800
50 220 16309 800
50 1375 11668 800
50 1419 11619 800
50 1124 19792 800
50 91 17515 800
50 89 14754 800
50 1291 16654 800
50 248 12762 800
50 538 12667 800
50 378 11787 800
50 456 12660 800
50 296 17942 800
50 310 19166 800
50 207 13864 800
50 69 16420 800
50 196 13538 800
50 212 16133 800
50 609 15809 800
50 224 11418 800
50 876 16802 800
50 253 16628 800
50 171 19963 800
50 145 17330 800
50 51 13556 800
50 86 16532 800
50 713 19335 800
50 1524 19049 800
50 67 11776 800
50 172 13577 800
50 183 17904 800
50 110 15064 800
50 432 12389 800
50 113 17426 800
50 1007 18401 800
50 938 17242 800
50 593 18537 800
50 71 19165 800
50 685 15492 800
50 511 12981 800
50 56 17734 800
50 150 11322 800
50 82 13376 800
50 1486 19449 800
50 1157 13841 800
50 59 14632 800
50 432 12744 800
50 63 19405 800
50 65 19822 800
50 57 13346 800
50 1163 11900 800
50 919 19513 800
50 221 14792 800
50 186 16492 800
50 704 18902 800
50 487 11774 800
50 316 16114 800
50 778 19860 800
50 69 12395 800
50 442 13463 800
50 137 15831 800
50 544 17467 800
50 1506 11439 800
50 1154 15943 800
50 563 15362 800
50 1189 17331 800
50 987 17876 800
50 1594 15832 800
50 1154 12181 800
50 234 14282 800
50 239 12580 800
50 594 11659 800
50 207 14645 800
50 703 15521 800
50 149 16285 800
50 514 11986 800
50 81 18997 800
50 765 18178 800
50 158 13641 800
50 468 18715 800
50 566 12006 800
50 931 16333 800
50 638 11539 800
50 98 16572 800
50 166 18038 800
50 670 11184 800
50 61 17737 800
50 142 12611 800
50 213 17567 800
50 76 12593 800
50 264 17148 800
50 178 18146 800
50 541 18262 800
50 140 11615 800
50 1568 14522 800
50 200 17800 800
50 1283 15447 800
50 947 19237 800
50 182 16762 800
50 144 15473 800
50 1247 15307 800
50 59 18476 800
50 273 14532 800
50 69 13790 800
50 74 17527 800
50 58 16834 800
50 1191 16418 800
50 209 13195 800
50 128 19082 800
50 182 17200 800
50 59 18365 800
50 59 11030 800
50 53 16846 800
50 245 19995 800
50 391 11206 800
50 83 14327 800
50 179 12751 800
50 473 15988 800
50 467 11143 800
50 314 11318 800
50 118 16539 800
50 87 14400 800
50 83 18013 800
50 181 11918 800
50 144 15758 800
50 103 18630 800
50 81 16075 800
50 514 11578 800
50 173 19178 800
50 243 13005 800
50 733 16289 800
50 480 11305 800
50 244 11327 800
50 122 19208 800
50 211 14895 800
50 119 17883 800
50 193 17873 800
50 571 19944 800
50 77 18372 800
50 262 13649 800
50 429 15714 800
50 78 15159 800
50 949 11332 800
50 88 17210 800
50 224 19319 800
50 414 13951 800
50 237 18694 800
50 78 14217 800
50 694 19577 800
50 97 15390 800
50 207 19726 800
50 280 14656 800
50 1019 19364 800
50 348 14987 800
50 1475 16470 800
50 130 19861 800
50 219 19778 800
50 187 15890 800
50 799 11504 800
50 258 14971 800
50 75 18015 800
50 103 12890 800
50 95 17318 800
50 130 16636 800
50 59 18460 800
50 240 12056 800
50 80 11048 800
50 601 17346 800
50 269 14572 800
50 1459 18584 800
50 323 13845 800
50 50 17139 800
50 401 14539 800
50 180 18056 800
50 153 15632 800
50 100 16167 800
50 96 14144 800
50 938 13816 800
50 356 11309 800
50 484 15651 800
50 468 15301 800
50 98 11567 800
50 265 13392 800
50 721 13934 800
50 463 18467 800
50 1270 11815 800
50 1464 16392 800
50 809 18302 800
50 855 17539 800
50 461 13349 800
50 221 11699 800
50 645 11201 800
50 123 13085 800
50 1387 13109 800
50 82 13480 800
50 343 14916 800
50 615 11298 800
50 172 16281 800
50 51 16471 800
50 66 18175 800
50 854 16195 800
50 728 13980 800
50 81 17583 800
50 69 17751 800
50 209 15188 800
50 539 11431 800
50 179 11514 800
50 771 15444 800
50 886 19999 800
50 331 14697 800
50 1076 13331 800
50 180 11961 800
50 241 17291 800
50 105 13311 800
50 208 11750 800
50 101 17892 800
50 578 18416 800
50 541 14866 800
50 1126 15812 800
50 302 16301 800
50 293 14370 800
50 213 12466 800
50 234 11649 800
50 122 12573 800
50 74 11000 800
50 1054 17655 800
50 271 17843 800
50 537 13126 800
50 538 15460 800
50 203 12531 800
50 132 17534 800
50 1168 16020 800
50 78 16479 800
50 533 17942 800
50 236 11686 800
50 86 11864 800
50 183 16346 800
50 279 13406 800
50 354 16803 800
50 400 19085 800
50 691 13810 800
50 60 15676 800
50 267 15406 800
50 91 13436 800
50 153 15979 800
50 793 11728 800
50 1149 12855 800
50 57 18163 800
50 173 11530 800
50 147 14220 800
50 219 18364 800
50 324 15342 800
50 68 14959 800
50 707 12766 800
50 745 18635 800
50 197 18792 800
50 257 13258 800
50 153 13126 800
50 804 15181 800
50 92 18751 800
50 101 13373 800
50 1471 17366 800
50 101 15550 800
50 279 11928 800
50 306 12899 800
50 1210 13847 800
50 103 18626 800
50 139 17872 800
50 1403 12997 800
50 849 15461 800
50 100 17979 800
50 152 15168 800
50 93 17396 800
50 1101 13475 800
50 64 11913 800
50 55 11954 800
50 490 14257 800
50 472 16897 800
50 247 15087 800
50 275 14762 800
50 460 14682 800
50 1112 16982 800
50 56 11311 800
50 92 13345 800
50 195 12409 800
50 268 11503 800
50 373 15084 800
50 991 19085 800
50 761 13659 800
50 60 15239 800
50 67 16092 800
50 131 12237 800
50 85 14516 800
50 355 19850 800
50 60 15413 800
50 101 13933 800
50 620 13442 800
50 576 15070 800
50 725 15258 800
50 1300 16840 800
50 62 11656 800
50 941 12976 800
50 136 13489 800
50 124 16422 800
50 457 17440 800
50 117 15935 800
50 1596 18890 800
50 1525 15867 800
50 88 11130 800
50 222 16177 800
50 370 17381 800
50 476 15598 800
50 715 19238 800
50 315 16432 800
50 132 15511 800
50 50 17990 800
50 74 16537 800
50 315 18329 800
50 1417 13908 800
50 121 12577 800
50 63 16118 800
50 634 18457 800
50 1290 12791 800
50 91 13865 800
50 60 12171 800
50 96 16444 800
50 279 17108 800
50 1308 13517 800
50 1321 16479 800
50 131 18268 800
50 271 15910 800
50 232 11662 800
50 64 12807 800
50 156 11338 800
50 1411 16368 800
50 100 13710 800
50 408 14113 800
50 1362 11497 800
50 690 18886 800
50 239 15251 800
50 199 11885 800
50 155 13165 800
50 263 12023 800
50 338 18954 800
50 368 11625 800
50 60 11123 800
50 1250 18282 800
50 134 14836 800
50 240 12908 800
50 660 19344 800
50 436 18789 800
50 170 13734 800
50 847 14117 800
50 72 14269 800
50 536 16685 800
50 693 18985 800
50 1480 18539 800
50 465 18997 800
50 198 19721 800
50 574 18557 800
50 99 12838 800
50 254 12203 800
50 194 14080 800
50 1140 11615 800
50 249 17522 800
50 1079 16047 800
50 1065 17351 800
50 228 15312 800
50 150 19062 800
50 806 17375 800
50 54 11269 800
50 142 14742 800
50 700 15079 800
50 79 19724 800
50 591 15753 800
50 197 16053 800
50 600 13451 800
50 450 19315 800
50 77 14715 800
50 64 16237 800
50 545 11907 800
50 281 18412 800
50 101 11166 800
50 60 11552 800
50 51 14810 800
50 878 19215 800
50 157 14937 800
50 271 16643 800
50 271 11798 800
50 59 13082 800
50 134 15988 800
50 148 15414 800
50 208 18557 800
50 858 11282 800
50 556 13226 800
50 155 15270 800
50 1029 19915 800
50 291 19049 800
50 136 19692 800
50 83 14449 800
50 486 18551 800
50 72 17804 800
50 94 12643 800
50 296 16928 800
50 112 18152 800
50 145 16488 800
50 967 11149 800
50 1438 12337 800
50 326 17678 800
50 651 14818 800
50 1335 14029 800
50 1292 17093 800
50 1122 15942 800
50 106 12089 800
50 182 19192 800
50 1597 19865 800
50 669 14639 800
50 76 13057 800
50 821 13894 800
50 326 13417 800
50 977 16603 800
50 1371 16118 800
50 207 17122 800
50 100 11725 800
50 1084 14854 800
50 60 12206 800
50 234 12465 800
50 162 12154 800
50 96 19460 800
50 130 15986 800
50 133 15597 800
50 89 18232 800
50 1554 15699 800
50 51 17920 800
50 650 12219 800
50 235 11304 800
50 122 17755 800
50 63 15579 800
50 424 12460 800
50 54 13054 800
50 1277 11639 800
50 248 18421 800
50 98 15832 800
50 613 17073 800
50 1161 16392 800
50 386 11499 800
50 305 14503 800
50 116 17964 800
50 437 18808 800
50 1061 16926 800
50 1539 19378 800
50 165 11880 800
50 121 16079 800
50 1042 15669 800
50 483 19591 800
50 63 16221 800
50 230 16914 800
50 79 11780 800
50 60 19232 800
50 580 15109 800
50 335 18172 800
50 204 13366 800
50 105 18160 800
50 177 19748 800
50 672 11484 800
50 69 17017 800
50 192 14032 800
50 58 12800 800
50 114 14582 800
50 63 18254 800
50 353 12557 800
50 370 13045 800
50 1255 17050 800
50 1279 11079 800
50 1039 14500 800
50 270 19720 800
50 654 18012 800
50 327 18541 800
50 249 16970 800
50 513 15933 800
50 1017 19640 800
50 297 14584 800
50 175 12448 800
50 270 16467 800
50 781 15008 800
50 77 14434 800
50 926 15227 800
50 269 17179 800
50 1421 17367 800
50 93 19036 800
50 51 16971 800
50 1243 14407 800
50 203 19739 800
50 405 18625 800
50 176 13598 800
50 112 14037 800
50 469 17300 800
50 1009 19285 800
50 1557 11607 800
50 527 13934 800
50 60 17022 800
50 247 19490 800
50 864 12803 800
50 67 18706 800
50 55 12901 800
50 50 15376 800
50 157 16028 800
50 1056 18120 800
50 452 11695 800
50 276 16299 800
50 841 14980 800
50 1282 14612 800
50 79 11074 800
50 438 12757 800
50 61 11797 800
50 895 12035 800
50 230 16556 800
50 355 16413 800
50 1477 17548 800
50 75 15927 800
50 290 17604 800
50 174 19740 800
50 69 12040 800
50 184 14941 800
50 353 15199 800
50 126 12932 800
50 1089 12739 800
50 1088 11381 800
50 165 12927 800
50 726 14062 800
50 765 12430 800
50 528 16873 800
50 325 14310 800
50 121 18173 800
50 147 19047 800
50 95 18646 800
50 437 17653 800
50 70 19667 800
50 1464 12595 800
50 161 11613 800
50 111 18405 800
50 459 16795 800
50 85 17275 800
50 161 14404 800
50 356 17319 800
50 1364 12947 800
50 750 19232 800
50 152 16293 800
50 1112 18971 800
50 374 17006 800
50 227 13809 800
50 1376 18772 800
50 355 16448 800
50 658 11848 800
50 77 19335 800
50 523 14544 800
50 202 17818 800
50 513 14435 800
50 90 16204 800
50 1082 17363 800
50 523 13429 800
50 579 16104 800
50 71 18792 800
50 85 15141 800
50 239 15927 800
50 71 17341 800
50 877 17385 800
50 98 14475 800
50 1409 14407 800
50 1002 16434 800
50 70 12514 800
50 237 15406 800
50 84 13545 800
50 475 15936 800
50 73 13518 800
50 307 16332 800
50 87 14517 800
50 94 13623 800
50 461 16891 800
50 1202 18897 800
50 529 15045 800
50 58 17970 800
50 156 17581 800
50 130 18757 800
50 91 14168 800
50 1436 17628 800
50 111 12965 800
50 984 12612 800
50 251 12258 800
50 740 12938 800
50 312 18210 800
50 677 13871 800
