20 4 1000 60887 3822
20 9 1000 23052 13
20 5 1000 9827 1392
20 14 1000 4349 14
20 13 1000 25343 465
20 14 1000 63725 2746
20 4 1000 16692 275
20 4 1000 17611 7148
20 6 1000 4797 674
20 4 1000 4323 216
20 9 1000 8914 3754
20 20 1000 28008 47
20 8 1000 7721 17
20 7 1000 8239 2825
20 15 1000 58777 113
20 17 1000 29892 31
20 13 1000 10453 211
20 9 1000 7428 5961
20 4 1000 27695 591
20 19 1000 52006 31
20 18 1000 8754 973
20 8 1000 9327 3484
20 5 1000 18520 145
20 6 1000 5906 162
20 13 1000 11754 88
20 9 1000 56437 108
20 15 1000 31152 19
20 5 1000 21437 4044
20 16 1000 6032 368
20 16 1000 14852 26
20 17 1000 16001 3850
20 9 1000 19673 1768
20 13 1000 6266 536
20 14 1000 24354 10
20 5 1000 20262 871
20 4 1000 37391 73
20 9 1000 4971 5464
20 4 1000 8863 685
20 5 1000 8509 1422
20 13 1000 4582 597
20 20 1000 4244 6407
20 10 1000 4826 789
20 18 1000 23398 10
20 10 1000 27100 232
20 11 1000 33224 33
20 9 1000 37196 2348
20 4 1000 34893 2817
20 14 1000 14522 4240
20 6 1000 56004 89
20 8 1000 34514 40
20 7 1000 6864 646
20 10 1000 10464 315
20 19 1000 10174 291
20 11 1000 26998 176
20 16 1000 5567 16
20 18 1000 27450 30
20 13 1000 10382 18
20 5 1000 17939 1717
20 20 1000 4644 27
20 14 1000 5624 14
20 16 1000 5520 4453
20 12 1000 19528 64
20 11 1000 35357 3332
20 13 1000 10965 3247
20 5 1000 11069 2365
20 11 1000 5546 2297
20 16 1000 8813 24
20 12 1000 61574 5404
20 4 1000 27990 167
20 7 1000 4932 726
20 12 1000 11649 110
20 11 1000 18971 115
20 10 1000 6017 1631
20 17 1000 6102 975
20 4 1000 53789 2643
20 18 1000 21810 1697
20 13 1000 10118 10
20 4 1000 9480 1868
20 13 1000 8178 94
20 7 1000 18619 18
20 18 1000 22724 170
20 7 1000 43379 93
20 15 1000 25351 100
20 9 1000 17875 26
20 12 1000 19928 160
20 8 1000 43014 140
20 4 1000 5759 3537
20 10 1000 43043 1805
20 12 1000 6525 107
20 16 1000 6450 47
20 7 1000 5048 1286
20 12 1000 21888 94
20 19 1000 29145 26
20 16 1000 12169 1188
20 4 1000 5549 60
20 10 1000 7463 16
20 14 1000 15629 17
20 11 1000 19439 1846
20 14 1000 42740 2205
20 13 1000 13822 263
