0 1 0 1 0 1 0 1 0 1 0 1 0 1 0 1 0 1 0
0 1 0 1 0 1 0 1 0 1 0 1 0 1 0 1 0 1 0
0 1 0 1 0 1 0 1 0 1 0 1 0 1 0 1 0 1 0
0 1 0 1 0 1 0 1 0 1 0 1 0 1 0 1 0 1 0
0 1 0 1 0 1 0 1 0 1 0 1 0 1 0 1 0 1 0
0 1 0 1 0 1 0 1 0 1 0 1 0 1 0 1 0 1 0
0 1 0 1 0 1 0 1 0 1 0 1 0 1 0 1 0 1 0
0 1 0 1 0 1 0 1 0 1 0 1 0 1 0 1 0 1 0
0 1 0 1 0 1 0 1 0 1 0 1 0 1 0 1 0 1 0
0 1 0 1 0 1 0 1 0 1 0 1 0 1 0 1 0 1 0
0 1 0 1 0 1 0 1 0 1 0 1 0 1 0 1 0 1 0
0 1 0 1 0 1 0 1 0 1 0 1 0 1 0 1 0 1 0
0 1 0 1 0 1 0 1 0 1 0 1 0 1 0 1 0 1 0
0 1 0 1 0 1 0 1 0 1 0 1 0 1 0 1 0 1 0
0 1 0 1 0 1 0 1 0 1 0 1 0 1 0 1 0 1 0
0 1 0 1 0 1 0 1 0 1 0 1 0 1 0 1 0 1 0
0 1 0 1 0 1 0 1 0 1 0 1 0 1 0 1 0 1 0
0 1 0 1 0 1 0 1 0 1 0 1 0 1 0 1 0 1 0
0 1 0 1 0 1 0 1 0 1 0 1 0 1 0 1 0 1 0
0 1 0 1 0 1 0 1 0 1 0 1 0 1 0 1 0 1 0
0 0 0 0 0 0 0 0 0 0 0 0 0 0 0 0 0 0 0 0
0 0 0 0 0 0 0 0 0 0 0 0 0 0 0 0 0 0 0 0
0 0 0 0 0 0 0 0 0 0 0 0 0 0 0 0 0 0 0 0
1 1 1 1 1 1 1 1 1 1 1 1 1 1 1 1 1 1 1 1
0 0 0 0 0 0 0 0 0 0 0 0 0 0 0 0 0 0 0 0
0 0 0 0 0 0 0 0 0 0 0 0 0 0 0 0 0 0 0 0
0 0 0 0 0 0 0 0 0 0 0 0 0 0 0 0 0 0 0 0
1 1 1 1 1 1 1 1 1 1 1 1 1 1 1 1 1 1 1 1
0 0 0 0 0 0 0 0 0 0 0 0 0 0 0 0 0 0 0 0
0 0 0 0 0 0 0 0 0 0 0 0 0 0 0 0 0 0 0 0
0 0 0 0 0 0 0 0 0 0 0 0 0 0 0 0 0 0 0 0
1 1 1 1 1 1 1 1 1 1 1 1 1 1 1 1 1 1 1 1
0 0 0 0 0 0 0 0 0 0 0 0 0 0 0 0 0 0 0 0
0 0 0 0 0 0 0 0 0 0 0 0 0 0 0 0 0 0 0 0
0 0 0 0 0 0 0 0 0 0 0 0 0 0 0 0 0 0 0 0
1 1 1 1 1 1 1 1 1 1 1 1 1 1 1 1 1 1 1 1
0 0 0 0 0 0 0 0 0 0 0 0 0 0 0 0 0 0 0 0
0 0 0 0 0 0 0 0 0 0 0 0 0 0 0 0 0 0 0 0
0 0 0 0 0 0 0 0 0 0 0 0 0 0 0 0 0 0 0 0
1 1 1 2
1 1 1 5
1 1 1 9
1 1 1 14
2 1 1
1 1 1 1
1 1 1 5
1 1 1 14
2 1 1
1 1 3 14
1 1 3 15
1 1 3 18
2 1 3
1 1 1 5
1 1 1 8
1 1 1 9
2 1 1
3 1 1
1 1 1 9
2 1 1
1 1 5 3
1 1 5 6
1 1 5 7
1 1 5 10
2 1 5
1 1 5 11
1 1 5 16
1 1 5 17
1 1 5 18
2 1 5
3 1 1
1 1 1 13
1 1 1 17
2 1 1
1 1 3 1
1 1 3 4
1 1 3 7
1 1 3 11
2 1 3
1 1 5 8
1 1 5 15
2 1 5
1 1 1 0
1 1 1 2
2 1 1
1 1 3 11
1 1 3 15
2 1 3
1 1 7 7
1 1 7 10
1 1 7 10
1 1 7 10
1 1 7 17
2 1 7
1 1 7 2
1 1 7 17
2 1 7
1 1 7 2
1 1 7 2
1 1 7 8
2 1 7
1 1 9 3
1 1 9 8
1 1 9 10
1 1 9 15
1 1 9 19
2 1 9
1 1 9 0
1 1 9 15
2 1 9
3 1 5
1 1 5 8
1 1 5 19
2 1 5
1 1 11 0
1 1 11 10
1 1 11 15
1 1 11 16
2 1 11
1 1 9 10
2 1 9
1 1 11 0
1 1 11 2
1 1 11 3
2 1 11
1 1 9 5
1 1 9 13
1 1 9 13
2 1 9
3 1 3
3 1 3
1 1 3 2
1 1 3 6
1 1 3 8
2 1 3
1 1 13 4
1 1 13 10
1 1 13 11
1 1 13 18
2 1 13
1 1 3 7
2 1 3
3 1 11
1 1 11 15
2 1 11
3 1 1
3 1 1
1 1 1 10
2 1 1
3 1 3
1 1 3 12
1 1 3 14
1 1 3 18
2 1 3
1 1 3 13
2 1 3
1 1 13 6
1 1 13 7
1 1 13 11
1 1 13 13
2 1 13
1 1 11 9
1 1 11 15
2 1 11
1 1 1 15
1 1 1 15
1 1 1 19
2 1 1
1 1 15 9
1 1 15 14
1 1 15 15
1 1 15 18
2 1 15
1 1 13 6
1 1 13 15
2 1 13
3 1 15
1 1 15 3
1 1 15 4
1 1 15 17
1 1 15 18
2 1 15
1 1 15 9
1 1 15 16
2 1 15
1 1 11 1
1 1 11 10
1 1 11 10
2 1 11
3 1 9
1 1 9 8
1 1 9 17
2 1 9
1 1 17 2
1 1 17 11
2 1 17
1 1 19 6
1 1 19 9
1 1 19 18
1 1 19 19
2 1 19
1 1 19 6
1 1 19 7
1 1 19 8
1 1 19 10
2 1 19
1 1 15 1
1 1 15 5
2 1 15
3 1 13
1 1 13 4
1 1 13 16
2 1 13
1 1 11 14
2 1 11
3 1 15
1 1 15 9
1 1 15 13
2 1 15
1 1 1 7
2 1 1
1 1 19 0
2 1 19
3 1 5
1 1 5 4
1 1 5 17
2 1 5
1 1 17 2
1 1 17 3
1 1 17 11
2 1 17
1 1 15 12
2 1 15
3 1 15
1 1 15 2
1 1 15 13
2 1 15
3 1 5
1 1 5 0
1 1 5 11
2 1 5
1 1 17 10
1 1 17 15
1 1 17 15
1 1 17 18
2 1 17
3 1 11
1 1 11 2
1 1 11 12
2 1 11
3 1 1
1 1 1 11
1 1 1 19
2 1 1
3 1 19
3 1 19
1 1 19 2
1 1 19 15
2 1 19
3 1 1
3 1 1
1 1 1 4
1 1 1 7
2 1 1
1 5 1 3
1 5 1 4
1 5 1 10
1 5 1 16
1 5 1 17
2 5 1
1 1 3 6
2 1 3
1 1 13 0
2 1 13
1 1 19 1
1 1 19 16
2 1 19
3 1 1
1 1 1 9
2 1 1
1 1 19 0
1 1 19 2
2 1 19
1 5 3 5
1 5 3 8
1 5 3 10
1 5 3 10
2 5 3
1 1 5 8
2 1 5
1 1 17 1
2 1 17
1 5 3 3
1 5 3 7
1 5 3 17
1 5 3 19
2 5 3
3 5 3
1 5 3 13
1 5 3 19
1 5 3 19
2 5 3
3 1 11
1 1 11 2
1 1 11 2
2 1 11
1 5 5 5
1 5 5 7
1 5 5 10
1 5 5 19
2 5 5
1 5 5 5
1 5 5 19
2 5 5
1 1 1 5
1 1 1 15
1 1 1 16
2 1 1
3 1 3
1 1 3 4
2 1 3
3 1 13
1 1 13 7
1 1 13 14
2 1 13
3 1 1
3 1 1
1 1 1 4
1 1 1 5
2 1 1
1 5 5 19
2 5 5
1 5 1 7
1 5 1 15
1 5 1 18
1 5 1 18
2 5 1
3 1 3
3 1 3
1 1 3 7
1 1 3 14
2 1 3
1 5 5 9
1 5 5 18
2 5 5
1 1 3 6
1 1 3 12
1 1 3 19
2 1 3
1 5 5 5
2 5 5
3 1 17
1 1 17 0
1 1 17 1
1 1 17 9
2 1 17
1 5 1 10
2 5 1
2 1 3
2 1 3
3 5 5
1 5 5 1
1 5 5 17
1 5 5 18
2 5 5
1 1 3 14
1 1 3 17
2 1 3
1 1 15 10
2 1 15
1 1 3 3
2 1 3
1 1 19 15
2 1 19
1 1 3 1
1 1 3 5
2 1 3
1 5 7 2
1 5 7 5
1 5 7 9
2 5 7
3 1 11
3 1 11
1 1 11 10
1 1 11 17
2 1 11
1 1 13 3
2 1 13
1 5 9 7
1 5 9 9
1 5 9 10
1 5 9 13
1 5 9 17
2 5 9
1 1 15 17
2 1 15
1 5 7 9
1 5 7 13
1 5 7 14
2 5 7
1 5 9 10
1 5 9 15
2 5 9
3 5 5
1 5 5 16
2 5 5
3 1 13
1 1 13 0
1 1 13 15
2 1 13
2 1 15
1 5 5 3
1 5 5 3
1 5 5 16
2 5 5
3 5 9
1 5 9 10
1 5 9 11
1 5 9 18
2 5 9
1 1 15 5
1 1 15 7
2 1 15
1 1 1 3
2 1 1
1 5 7 0
1 5 7 6
1 5 7 12
2 5 7
1 5 11 4
1 5 11 10
1 5 11 18
2 5 11
1 5 9 13
1 5 9 18
2 5 9
1 1 19 1
2 1 19
1 5 13 1
1 5 13 7
1 5 13 16
2 5 13
1 5 9 1
2 5 9
3 5 11
1 5 11 1
1 5 11 18
2 5 11
1 1 1 8
1 1 1 13
2 1 1
3 1 9
3 1 9
1 1 9 4
1 1 9 11
1 1 9 17
2 1 9
1 1 11 1
2 1 11
1 5 13 2
1 5 13 14
1 5 13 17
1 5 13 19
2 5 13
3 5 5
1 5 5 13
1 5 5 18
2 5 5
1 5 7 5
1 5 7 16
2 5 7
3 1 17
1 1 17 5
1 1 17 17
2 1 17
3 1 3
1 1 3 12
1 1 3 18
2 1 3
3 1 7
1 1 7 0
1 1 7 16
2 1 7
3 5 9
1 5 9 2
1 5 9 9
2 5 9
1 1 13 15
2 1 13
3 1 11
1 1 11 13
1 1 11 18
2 1 11
2 1 19
1 1 9 5
2 1 9
1 5 13 3
1 5 13 6
2 5 13
1 1 1 10
2 1 1
1 5 11 3
1 5 11 8
1 5 11 11
2 5 11
1 5 11 6
1 5 11 8
1 5 11 17
2 5 11
1 5 15 10
1 5 15 12
1 5 15 13
2 5 15
3 1 1
1 1 1 14
2 1 1
1 1 11 18
2 1 11
1 1 19 4
1 1 19 15
2 1 19
3 1 7
1 1 7 9
1 1 7 12
2 1 7
1 5 5 15
2 5 5
1 5 5 10
2 5 5
1 5 15 2
1 5 15 16
2 5 15
1 1 13 7
2 1 13
1 5 7 15
2 5 7
3 5 7
1 5 7 2
1 5 7 2
2 5 7
1 5 15 5
1 5 15 9
2 5 15
1 1 7 0
2 1 7
1 5 15 1
1 5 15 18
2 5 15
3 5 13
1 5 13 9
1 5 13 11
1 5 13 14
2 5 13
3 5 5
3 5 5
1 5 5 11
1 5 5 14
2 5 5
3 1 11
1 1 11 3
1 1 11 3
1 1 11 19
2 1 11
3 1 7
1 1 7 5
1 1 7 10
2 1 7
1 1 1 18
1 1 1 19
2 1 1
1 5 5 4
1 5 5 5
2 5 5
1 1 1 1
2 1 1
3 1 1
1 1 1 4
1 1 1 5
2 1 1
1 1 1 2
2 1 1
2 5 9
3 5 3
1 5 3 6
1 5 3 8
2 5 3
1 5 15 11
1 5 15 13
2 5 15
1 5 15 1
1 5 15 13
2 5 15
1 5 17 4
1 5 17 8
1 5 17 9
1 5 17 14
1 5 17 15
2 5 17
1 5 9 10
1 5 9 15
2 5 9
3 5 5
1 5 5 12
1 5 5 16
2 5 5
3 1 3
3 1 3
1 1 3 5
1 1 3 11
2 1 3
3 1 17
1 1 17 9
2 1 17
1 5 15 12
2 5 15
2 5 7
1 5 19 0
1 5 19 14
1 5 19 16
1 5 19 17
1 5 19 19
2 5 19
1 5 17 3
1 5 17 3
2 5 17
3 1 15
1 1 15 0
1 1 15 0
2 1 15
1 5 19 10
1 5 19 18
1 5 19 19
2 5 19
1 1 3 6
1 1 3 15
2 1 3
3 5 5
3 5 5
1 5 5 5
1 5 5 12
1 5 5 12
2 5 5
1 5 11 7
1 5 11 9
2 5 11
3 5 13
1 5 13 1
1 5 13 5
2 5 13
3 5 3
1 5 3 14
2 5 3
3 5 1
1 5 1 15
1 5 1 17
2 5 1
3 1 9
1 1 9 10
1 1 9 11
2 1 9
1 5 17 7
2 5 17
3 1 1
1 1 1 15
1 1 1 18
2 1 1
1 5 17 19
1 5 17 19
2 5 17
2 5 3
1 5 19 8
1 5 19 18
2 5 19
1 1 13 11
2 1 13
1 5 7 10
1 5 7 12
2 5 7
3 5 13
1 5 13 14
1 5 13 17
2 5 13
3 5 17
1 5 17 1
1 5 17 11
2 5 17
3 1 19
1 1 19 3
1 1 19 15
2 1 19
3 1 11
1 1 11 2
1 1 11 12
2 1 11
1 5 11 4
2 5 11
2 5 3
1 1 11 17
2 1 11
3 5 1
3 5 1
1 5 1 17
1 5 1 18
2 5 1
3 5 11
1 5 11 16
2 5 11
1 1 13 9
2 1 13
1 5 3 1
1 5 3 1
1 5 3 10
2 5 3
1 5 15 10
2 5 15
3 5 11
1 5 11 0
1 5 11 7
1 5 11 19
2 5 11
1 1 1 11
2 1 1
3 5 1
1 5 1 5
1 5 1 11
2 5 1
1 5 1 8
1 5 1 11
2 5 1
3 1 1
1 1 1 3
1 1 1 13
2 1 1
1 5 13 9
2 5 13
3 5 7
1 5 7 14
2 5 7
3 1 11
3 1 11
1 1 11 1
1 1 11 13
2 1 11
1 9 1 3
1 9 1 5
1 9 1 5
2 9 1
3 1 9
3 1 9
1 1 9 2
2 1 9
1 1 9 8
1 1 9 17
2 1 9
1 1 9 8
1 1 9 10
2 1 9
1 9 1 11
1 9 1 13
1 9 1 14
1 9 1 17
2 9 1
1 5 7 8
1 5 7 15
2 5 7
1 5 9 17
2 5 9
1 9 3 4
1 9 3 10
1 9 3 18
2 9 3
1 9 3 3
1 9 3 5
1 9 3 9
2 9 3
1 9 3 11
1 9 3 14
2 9 3
1 5 3 9
2 5 3
1 1 9 15
2 1 9
2 1 5
3 1 13
1 1 13 17
2 1 13
1 9 1 14
2 9 1
1 5 11 19
2 5 11
3 9 3
1 9 3 5
1 9 3 9
1 9 3 12
2 9 3
3 5 17
1 5 17 8
1 5 17 8
2 5 17
1 5 11 17
2 5 11
1 1 7 5
2 1 7
1 1 5 15
1 1 5 18
2 1 5
3 1 9
1 1 9 4
1 1 9 19
2 1 9
1 9 5 4
1 9 5 11
2 9 5
1 5 17 2
1 5 17 14
2 5 17
1 9 1 2
1 9 1 16
2 9 1
3 1 13
3 1 13
1 1 13 2
1 1 13 10
2 1 13
1 9 5 0
1 9 5 4
2 9 5
3 5 3
3 5 3
1 5 3 12
1 5 3 17
2 5 3
3 5 17
3 5 17
1 5 17 7
1 5 17 11
2 5 17
3 1 13
1 1 13 13
1 1 13 17
2 1 13
1 1 17 13
2 1 17
1 9 3 0
1 9 3 4
2 9 3
1 9 5 12
1 9 5 14
2 9 5
1 1 11 9
1 1 11 18
2 1 11
1 1 13 12
1 1 13 14
2 1 13
1 1 17 2
1 1 17 19
2 1 17
3 5 5
1 5 5 3
1 5 5 4
2 5 5
1 5 3 3
2 5 3
1 9 1 10
2 9 1
1 5 3 2
2 5 3
3 9 5
1 9 5 12
1 9 5 15
1 9 5 17
1 9 5 18
2 9 5
3 5 3
1 5 3 0
1 5 3 9
1 5 3 9
1 5 3 16
2 5 3
3 1 11
1 1 11 15
1 1 11 17
2 1 11
1 5 3 15
2 5 3
3 5 13
3 5 13
1 5 13 2
1 5 13 13
2 5 13
1 9 5 16
2 9 5
1 5 7 0
2 5 7
3 5 9
1 5 9 7
2 5 9
3 5 11
1 5 11 9
1 5 11 15
2 5 11
1 1 13 18
2 1 13
1 1 13 9
1 1 13 14
2 1 13
3 5 13
1 5 13 12
1 5 13 17
2 5 13
1 9 1 1
1 9 1 8
2 9 1
1 9 7 1
1 9 7 4
1 9 7 5
1 9 7 18
1 9 7 19
2 9 7
1 9 7 0
2 9 7
1 5 17 6
2 5 17
3 1 7
1 1 7 3
1 1 7 13
2 1 7
1 5 11 16
2 5 11
3 5 3
1 5 3 4
2 5 3
1 5 9 0
1 5 9 5
2 5 9
1 9 7 15
2 9 7
3 1 3
1 1 3 16
1 1 3 16
2 1 3
1 9 7 9
1 9 7 10
2 9 7
3 1 17
1 1 17 4
1 1 17 6
2 1 17
1 9 7 13
1 9 7 18
1 9 7 19
2 9 7
1 9 5 0
1 9 5 4
1 9 5 10
2 9 5
3 5 3
1 5 3 2
1 5 3 3
2 5 3
1 5 17 4
2 5 17
3 9 1
1 9 1 7
1 9 1 16
2 9 1
3 1 3
1 1 3 0
2 1 3
1 9 7 12
2 9 7
3 1 7
1 1 7 6
1 1 7 18
2 1 7
1 5 3 18
2 5 3
1 1 5 9
2 1 5
1 5 15 5
2 5 15
3 5 19
1 5 19 11
1 5 19 11
2 5 19
1 5 15 13
2 5 15
1 5 13 2
1 5 13 12
2 5 13
1 5 15 8
2 5 15
1 1 11 9
2 1 11
3 5 3
1 5 3 13
1 5 3 19
2 5 3
1 5 5 19
2 5 5
2 1 3
1 9 5 17
2 9 5
1 5 13 10
2 5 13
1 1 15 14
2 1 15
1 1 7 16
2 1 7
1 5 3 1
2 5 3
1 5 17 7
2 5 17
3 1 1
1 1 1 19
1 1 1 19
2 1 1
1 5 15 3
2 5 15
3 9 5
1 9 5 2
1 9 5 9
2 9 5
2 9 3
3 1 9
1 1 9 5
1 1 9 5
2 1 9
1 9 1 10
2 9 1
3 1 1
1 1 1 9
1 1 1 11
2 1 1
3 5 5
1 5 5 1
1 5 5 3
2 5 5
2 5 17
1 1 3 14
1 1 3 17
2 1 3
1 5 17 12
2 5 17
3 5 13
1 5 13 5
2 5 13
1 9 9 0
1 9 9 13
1 9 9 17
1 9 9 18
1 9 9 18
1 9 9 19
2 9 9
1 1 11 0
2 1 11
3 1 5
3 1 5
1 1 5 3
2 1 5
1 5 15 12
2 5 15
1 9 5 8
2 9 5
1 9 1 5
2 9 1
3 9 9
1 9 9 1
1 9 9 4
1 9 9 17
2 9 9
1 5 17 1
1 5 17 9
2 5 17
1 9 5 1
2 9 5
1 9 3 0
1 9 3 1
2 9 3
3 5 5
3 5 5
3 5 5
1 5 5 4
2 5 5
1 1 17 12
2 1 17
3 5 15
1 5 15 5
2 5 15
1 5 17 16
1 5 17 17
2 5 17
1 5 13 6
1 5 13 7
2 5 13
3 9 9
1 9 9 1
1 9 9 11
2 9 9
1 1 15 4
2 1 15
1 1 3 9
1 1 3 11
2 1 3
1 9 9 2
1 9 9 14
2 9 9
1 1 13 4
2 1 13
1 5 3 3
1 5 3 8
2 5 3
1 5 5 5
1 5 5 8
1 5 5 8
1 5 5 13
2 5 5
3 5 11
1 5 11 5
1 5 11 12
2 5 11
1 5 15 8
2 5 15
1 1 5 10
1 1 5 17
2 1 5
3 9 7
1 9 7 10
1 9 7 12
2 9 7
3 1 3
1 1 3 10
1 1 3 13
2 1 3
1 9 3 4
2 9 3
1 1 7 16
2 1 7
3 1 11
1 1 11 0
1 1 11 1
2 1 11
3 1 5
3 1 5
1 1 5 8
2 1 5
1 9 5 2
2 9 5
3 9 1
1 9 1 6
1 9 1 16
2 9 1
3 9 3
3 9 3
1 9 3 0
1 9 3 11
1 9 3 19
2 9 3
3 1 13
1 1 13 16
1 1 13 19
2 1 13
1 5 13 0
2 5 13
1 9 11 4
1 9 11 10
1 9 11 18
2 9 11
3 1 7
1 1 7 4
2 1 7
1 5 15 16
1 5 15 19
2 5 15
1 9 13 6
1 9 13 7
1 9 13 9
1 9 13 11
1 9 13 15
2 9 13
3 9 9
1 9 9 8
1 9 9 8
2 9 9
2 5 13
1 1 5 1
1 1 5 5
1 1 5 9
2 1 5
2 1 11
3 1 3
1 1 3 1
1 1 3 2
2 1 3
1 9 11 4
1 9 11 9
2 9 11
1 1 7 7
2 1 7
1 1 5 18
2 1 5
1 9 13 2
1 9 13 3
1 9 13 12
2 9 13
2 1 11
1 1 11 0
1 1 11 1
2 1 11
1 9 13 2
2 9 13
1 9 13 7
1 9 13 14
2 9 13
3 5 5
1 5 5 10
1 5 5 12
2 5 5
3 1 13
1 1 13 6
1 1 13 14
2 1 13
1 9 15 12
1 9 15 13
1 9 15 16
1 9 15 16
2 9 15
1 1 15 19
2 1 15
1 9 11 1
1 9 11 2
1 9 11 4
1 9 11 18
2 9 11
1 1 5 0
1 1 5 3
2 1 5
3 5 7
1 5 7 0
1 5 7 12
2 5 7
3 1 11
1 1 11 3
1 1 11 14
1 1 11 14
2 1 11
1 9 13 4
2 9 13
3 9 15
1 9 15 3
1 9 15 3
1 9 15 15
2 9 15
3 5 11
1 5 11 5
1 5 11 16
2 5 11
1 9 11 3
1 9 11 9
2 9 11
1 9 15 1
1 9 15 16
1 9 15 18
2 9 15
3 5 19
1 5 19 1
1 5 19 19
2 5 19
1 9 17 4
1 9 17 10
1 9 17 12
1 9 17 19
2 9 17
1 5 13 11
1 5 13 13
2 5 13
1 9 19 8
1 9 19 19
1 9 19 19
2 9 19
1 9 5 3
2 9 5
3 1 9
1 1 9 10
1 1 9 13
2 1 9
1 9 5 12
2 9 5
2 1 17
1 1 17 8
1 1 17 13
2 1 17
3 5 3
1 5 3 0
1 5 3 5
2 5 3
3 9 11
1 9 11 7
2 9 11
3 1 7
3 1 7
1 1 7 6
2 1 7
1 9 19 11
1 9 19 13
2 9 19
1 5 19 19
2 5 19
1 9 19 7
1 9 19 12
2 9 19
1 5 11 17
2 5 11
3 9 11
1 9 11 12
2 9 11
1 9 17 13
1 9 17 16
1 9 17 17
2 9 17
1 9 19 3
1 9 19 14
1 9 19 17
2 9 19
1 5 3 12
2 5 3
1 13 1 0
1 13 1 1
1 13 1 12
1 13 1 15
2 13 1
3 5 5
3 5 5
1 5 5 7
1 5 5 17
2 5 5
1 1 17 17
2 1 17
3 5 7
1 5 7 1
1 5 7 13
2 5 7
1 9 19 1
1 9 19 14
2 9 19
3 9 3
1 9 3 1
2 9 3
2 5 13
1 13 1 2
1 13 1 4
1 13 1 16
2 13 1
3 1 7
1 1 7 13
2 1 7
1 5 5 8
1 5 5 11
2 5 5
1 5 13 18
1 5 13 18
2 5 13
1 9 15 18
2 9 15
3 9 3
1 9 3 0
1 9 3 2
1 9 3 14
2 9 3
1 1 5 10
2 1 5
3 9 9
1 9 9 10
2 9 9
1 13 1 3
1 13 1 3
1 13 1 17
2 13 1
1 5 1 10
2 5 1
1 1 5 4
2 1 5
3 9 15
1 9 15 3
1 9 15 4
1 9 15 13
2 9 15
3 1 11
1 1 11 11
1 1 11 12
2 1 11
1 5 5 16
2 5 5
1 9 17 1
1 9 17 2
1 9 17 8
2 9 17
1 13 3 2
1 13 3 12
1 13 3 14
1 13 3 16
2 13 3
3 13 1
3 13 1
1 13 1 9
2 13 1
1 13 1 11
1 13 1 16
1 13 1 16
2 13 1
1 1 1 19
2 1 1
3 1 13
1 1 13 3
1 1 13 18
2 1 13
1 9 11 6
1 9 11 19
2 9 11
3 1 15
1 1 15 15
1 1 15 15
2 1 15
1 5 11 7
2 5 11
1 9 3 2
2 9 3
3 5 13
1 5 13 3
1 5 13 15
2 5 13
1 5 7 2
2 5 7
1 9 9 1
1 9 9 2
2 9 9
3 1 15
1 1 15 16
2 1 15
2 9 9
1 5 17 4
2 5 17
1 1 7 12
1 1 7 14
1 1 7 14
2 1 7
1 5 7 3
2 5 7
3 9 17
1 9 17 5
1 9 17 15
2 9 17
3 1 7
3 1 7
1 1 7 2
1 1 7 18
2 1 7
1 13 3 8
1 13 3 12
1 13 3 12
1 13 3 13
2 13 3
3 9 1
1 9 1 12
2 9 1
1 13 3 2
1 13 3 3
2 13 3
1 5 1 3
2 5 1
3 1 7
1 1 7 8
1 1 7 17
2 1 7
3 1 13
3 1 13
3 1 13
1 1 13 16
2 1 13
3 9 9
1 9 9 4
1 9 9 12
2 9 9
1 1 15 0
1 1 15 5
2 1 15
1 5 17 11
2 5 17
1 9 5 8
2 9 5
3 9 3
1 9 3 5
1 9 3 19
2 9 3
1 9 11 3
1 9 11 13
2 9 11
1 1 9 19
2 1 9
1 1 13 9
1 1 13 17
2 1 13
3 9 1
1 9 1 15
1 9 1 18
2 9 1
1 1 7 14
1 1 7 16
1 1 7 16
2 1 7
1 9 13 8
2 9 13
1 5 11 19
2 5 11
3 1 17
3 1 17
1 1 17 3
1 1 17 12
2 1 17
3 9 15
1 9 15 12
2 9 15
1 5 5 14
2 5 5
3 9 17
1 9 17 12
1 9 17 16
2 9 17
1 1 7 14
2 1 7
1 1 7 5
1 1 7 10
2 1 7
3 1 17
3 1 17
1 1 17 1
1 1 17 16
2 1 17
1 9 9 16
2 9 9
3 1 1
1 1 1 6
1 1 1 12
2 1 1
3 9 19
3 9 19
1 9 19 1
1 9 19 3
2 9 19
3 1 5
1 1 5 2
1 1 5 15
2 1 5
3 13 1
1 13 1 17
2 13 1
1 1 15 17
2 1 15
3 13 1
1 13 1 2
1 13 1 2
2 13 1
3 13 3
1 13 3 11
2 13 3
1 1 5 7
2 1 5
1 9 9 14
1 9 9 19
2 9 9
1 1 13 8
1 1 13 9
1 1 13 12
2 1 13
3 5 1
1 5 1 12
1 5 1 18
2 5 1
1 13 3 19
1 13 3 19
2 13 3
1 9 1 18
2 9 1
3 9 11
1 9 11 0
2 9 11
3 1 9
3 1 9
1 1 9 8
2 1 9
1 5 5 3
2 5 5
1 9 11 2
1 9 11 12
2 9 11
3 9 15
1 9 15 0
1 9 15 0
1 9 15 0
2 9 15
1 1 1 1
2 1 1
1 1 7 4
2 1 7
1 1 19 11
2 1 19
1 1 17 0
2 1 17
1 5 11 16
2 5 11
3 1 9
1 1 9 15
1 1 9 19
2 1 9
1 1 19 18
2 1 19
1 1 9 3
1 1 9 11
2 1 9
3 1 17
1 1 17 5
1 1 17 18
2 1 17
1 9 1 7
1 9 1 16
2 9 1
3 5 7
1 5 7 8
1 5 7 18
2 5 7
1 13 5 3
1 13 5 12
1 13 5 14
1 13 5 15
1 13 5 16
2 13 5
1 5 11 16
2 5 11
1 1 9 5
1 1 9 9
2 1 9
1 13 1 18
2 13 1
1 13 5 18
1 13 5 19
2 13 5
1 1 5 1
2 1 5
1 1 7 17
2 1 7
1 1 11 2
2 1 11
1 13 5 2
2 13 5
1 13 5 14
1 13 5 18
2 13 5
1 9 15 4
2 9 15
3 1 7
1 1 7 13
1 1 7 18
2 1 7
3 5 5
1 5 5 11
1 5 5 16
2 5 5
3 9 11
1 9 11 9
2 9 11
1 1 17 4
1 1 17 11
1 1 17 15
2 1 17
1 9 11 2
1 9 11 5
2 9 11
3 5 7
1 5 7 0
1 5 7 19
2 5 7
3 1 9
3 1 9
1 1 9 16
1 1 9 19
2 1 9
1 5 13 2
2 5 13
3 1 9
1 1 9 7
2 1 9
1 1 19 10
2 1 19
3 5 5
1 5 5 8
1 5 5 12
2 5 5
1 13 1 7
1 13 1 18
2 13 1
1 13 5 0
1 13 5 9
2 13 5
3 1 11
1 1 11 12
1 1 11 15
2 1 11
1 1 7 19
2 1 7
3 5 13
3 5 13
1 5 13 14
1 5 13 19
2 5 13
3 1 1
3 1 1
1 1 1 1
1 1 1 9
1 1 1 19
2 1 1
3 9 11
1 9 11 2
1 9 11 16
2 9 11
3 1 13
1 1 13 5
2 1 13
3 9 5
1 9 5 10
1 9 5 16
2 9 5
1 5 9 9
2 5 9
3 9 13
1 9 13 5
1 9 13 10
2 9 13
1 1 7 12
2 1 7
3 9 15
1 9 15 1
1 9 15 10
2 9 15
1 1 7 9
2 1 7
1 5 15 5
2 5 15
1 1 13 7
2 1 13
1 1 5 5
2 1 5
1 9 19 17
1 9 19 18
2 9 19
1 1 9 5
1 1 9 16
2 1 9
1 13 7 1
1 13 7 3
1 13 7 3
1 13 7 5
2 13 7
1 13 9 4
1 13 9 12
1 13 9 19
2 13 9
1 5 13 4
1 5 13 12
2 5 13
3 9 13
3 9 13
1 9 13 16
2 9 13
1 9 19 10
2 9 19
1 1 5 19
2 1 5
1 1 5 5
2 1 5
1 9 1 17
2 9 1
2 9 19
1 9 13 16
2 9 13
1 13 7 1
1 13 7 17
2 13 7
1 9 15 5
2 9 15
1 1 15 1
2 1 15
3 5 9
1 5 9 10
1 5 9 16
2 5 9
1 13 3 15
2 13 3
3 1 19
1 1 19 4
1 1 19 9
2 1 19
3 5 7
1 5 7 4
1 5 7 15
2 5 7
3 5 19
1 5 19 2
1 5 19 13
2 5 19
1 13 9 0
1 13 9 4
1 13 9 4
2 13 9
3 1 1
1 1 1 12
1 1 1 18
2 1 1
3 13 5
1 13 5 17
2 13 5
1 13 3 9
2 13 3
3 1 5
1 1 5 13
1 1 5 13
2 1 5
1 13 7 0
1 13 7 4
1 13 7 6
2 13 7
3 1 5
1 1 5 6
1 1 5 12
2 1 5
1 1 7 17
2 1 7
1 1 9 8
1 1 9 11
2 1 9
1 5 11 19
2 5 11
2 5 11
1 13 7 2
1 13 7 7
2 13 7
3 5 11
1 5 11 12
2 5 11
3 1 9
1 1 9 0
1 1 9 10
2 1 9
1 9 5 16
2 9 5
1 9 19 5
1 9 19 6
2 9 19
1 13 9 8
1 13 9 9
2 13 9
1 1 15 0
2 1 15
1 13 5 6
1 13 5 18
2 13 5
1 9 15 8
2 9 15
1 1 3 17
2 1 3
1 1 3 13
2 1 3
1 1 13 4
1 1 13 19
2 1 13
3 13 9
1 13 9 5
1 13 9 12
2 13 9
3 1 1
3 1 1
1 1 1 4
1 1 1 4
2 1 1
1 9 1 10
2 9 1
1 9 13 7
1 9 13 14
1 9 13 14
2 9 13
3 9 3
3 9 3
1 9 3 4
1 9 3 18
2 9 3
3 13 3
1 13 3 4
1 13 3 19
2 13 3
1 1 15 13
2 1 15
1 9 11 5
2 9 11
1 9 11 0
2 9 11
1 9 3 2
1 9 3 19
2 9 3
1 1 13 19
2 1 13
1 1 1 9
2 1 1
1 1 9 8
2 1 9
3 9 9
1 9 9 11
1 9 9 16
2 9 9
3 5 11
1 5 11 3
1 5 11 14
2 5 11
1 9 15 19
2 9 15
2 1 13
3 1 5
1 1 5 0
1 1 5 18
2 1 5
3 5 19
3 5 19
1 5 19 7
1 5 19 14
2 5 19
1 1 19 16
2 1 19
2 13 7
1 1 13 10
1 1 13 16
2 1 13
1 9 19 10
2 9 19
1 5 11 4
1 5 11 9
1 5 11 9
2 5 11
1 13 1 10
2 13 1
3 5 15
1 5 15 1
1 5 15 2
2 5 15
1 1 1 3
1 1 1 10
2 1 1
1 9 9 5
2 9 9
1 5 13 10
2 5 13
1 13 11 0
1 13 11 6
2 13 11
3 1 13
3 1 13
1 1 13 0
2 1 13
1 13 1 6
2 13 1
3 9 13
1 9 13 5
1 9 13 14
2 9 13
1 13 9 9
2 13 9
3 13 9
1 13 9 7
1 13 9 16
2 13 9
1 13 9 0
1 13 9 8
2 13 9
3 1 19
1 1 19 9
1 1 19 11
2 1 19
3 9 19
3 9 19
1 9 19 5
2 9 19
1 5 3 11
2 5 3
1 1 3 12
2 1 3
1 1 19 2
2 1 19
3 13 7
1 13 7 8
1 13 7 12
2 13 7
2 9 13
1 5 15 0
2 5 15
1 9 13 17
1 9 13 18
2 9 13
3 13 5
1 13 5 3
1 13 5 12
2 13 5
1 1 3 11
2 1 3
3 13 9
1 13 9 6
1 13 9 18
2 13 9
1 5 11 8
2 5 11
1 9 19 0
1 9 19 0
1 9 19 13
2 9 19
3 5 17
1 5 17 0
2 5 17
1 9 11 0
2 9 11
1 13 7 3
1 13 7 13
2 13 7
3 5 5
1 5 5 13
1 5 5 17
2 5 5
3 13 5
1 13 5 5
1 13 5 15
2 13 5
1 1 7 1
2 1 7
1 1 17 5
2 1 17
3 1 7
1 1 7 1
1 1 7 10
2 1 7
1 5 17 2
2 5 17
1 13 11 0
1 13 11 4
1 13 11 16
1 13 11 16
2 13 11
1 5 5 2
2 5 5
3 9 17
1 9 17 0
1 9 17 7
2 9 17
3 5 1
1 5 1 1
1 5 1 13
2 5 1
1 1 13 8
1 1 13 15
2 1 13
1 13 11 1
1 13 11 4
1 13 11 5
2 13 11
3 1 1
1 1 1 0
1 1 1 4
2 1 1
1 5 17 6
1 5 17 8
2 5 17
1 13 11 3
1 13 11 18
2 13 11
3 1 13
1 1 13 1
1 1 13 4
2 1 13
1 1 11 14
2 1 11
1 1 1 15
2 1 1
1 1 1 18
2 1 1
1 1 13 10
1 1 13 17
2 1 13
1 1 19 5
2 1 19
1 9 15 14
2 9 15
3 9 9
1 9 9 14
1 9 9 18
2 9 9
2 9 9
3 13 1
1 13 1 2
1 13 1 15
2 13 1
1 5 11 5
2 5 11
1 1 1 4
2 1 1
1 13 13 0
1 13 13 14
1 13 13 15
1 13 13 16
1 13 13 16
2 13 13
1 9 3 1
2 9 3
1 5 11 11
2 5 11
1 13 13 13
1 13 13 17
1 13 13 19
2 13 13
3 1 17
3 1 17
1 1 17 4
1 1 17 18
2 1 17
3 13 11
1 13 11 8
1 13 11 14
2 13 11
1 1 3 8
2 1 3
3 9 19
1 9 19 9
1 9 19 10
2 9 19
1 9 3 12
2 9 3
1 9 1 14
2 9 1
3 5 5
1 5 5 3
1 5 5 5
2 5 5
1 13 15 1
1 13 15 4
1 13 15 7
2 13 15
1 13 7 16
2 13 7
3 13 1
1 13 1 3
1 13 1 17
2 13 1
3 5 17
1 5 17 9
1 5 17 16
2 5 17
1 9 9 15
1 9 9 16
2 9 9
1 5 1 19
2 5 1
1 1 15 1
2 1 15
3 9 5
1 9 5 17
2 9 5
3 5 19
1 5 19 3
1 5 19 18
2 5 19
3 9 1
1 9 1 11
1 9 1 12
2 9 1
3 5 17
3 5 17
1 5 17 6
1 5 17 16
2 5 17
1 13 3 8
2 13 3
1 9 5 2
1 9 5 14
2 9 5
1 13 3 2
2 13 3
2 9 3
1 13 15 12
1 13 15 14
2 13 15
1 9 5 13
2 9 5
1 13 17 6
1 13 17 13
1 13 17 15
1 13 17 18
2 13 17
3 1 11
1 1 11 4
2 1 11
1 1 17 19
2 1 17
1 1 5 5
2 1 5
1 1 7 8
2 1 7
1 13 9 0
1 13 9 6
2 13 9
1 13 15 9
1 13 15 14
1 13 15 19
2 13 15
3 5 15
1 5 15 8
1 5 15 17
2 5 15
1 5 1 12
2 5 1
3 5 3
1 5 3 16
2 5 3
1 5 7 1
2 5 7
1 5 11 18
2 5 11
3 9 9
1 9 9 0
1 9 9 17
2 9 9
1 9 3 1
1 9 3 1
2 9 3
1 5 3 8
1 5 3 8
2 5 3
1 1 17 12
1 1 17 13
2 1 17
1 5 9 4
2 5 9
3 1 15
1 1 15 4
1 1 15 5
2 1 15
3 5 1
1 5 1 8
1 5 1 19
2 5 1
1 1 19 12
2 1 19
1 9 9 17
2 9 9
1 13 17 1
1 13 17 5
1 13 17 11
2 13 17
1 9 5 5
2 9 5
1 13 15 7
2 13 15
1 5 17 7
1 5 17 17
2 5 17
1 9 11 16
2 9 11
3 9 3
1 9 3 18
2 9 3
1 13 19 8
1 13 19 14
2 13 19
3 1 1
1 1 1 10
1 1 1 11
2 1 1
3 5 3
1 5 3 3
1 5 3 18
2 5 3
3 13 15
1 13 15 7
1 13 15 8
1 13 15 18
2 13 15
1 13 9 2
2 13 9
3 9 19
3 9 19
1 9 19 1
1 9 19 6
1 9 19 10
2 9 19
2 5 9
1 9 13 10
2 9 13
1 9 3 1
1 9 3 17
2 9 3
1 5 1 4
2 5 1
3 5 9
1 5 9 16
2 5 9
3 1 5
1 1 5 16
2 1 5
1 13 17 1
1 13 17 17
2 13 17
2 9 13
1 9 7 4
2 9 7
1 5 15 2
2 5 15
3 9 11
1 9 11 2
1 9 11 13
2 9 11
1 1 5 3
1 1 5 15
2 1 5
1 13 15 1
1 13 15 4
2 13 15
3 13 9
1 13 9 6
2 13 9
1 5 11 2
2 5 11
1 5 11 4
2 5 11
1 13 15 9
2 13 15
1 1 15 0
2 1 15
1 13 19 4
1 13 19 9
1 13 19 11
1 13 19 12
2 13 19
1 5 13 0
2 5 13
1 5 19 1
1 5 19 12
2 5 19
1 13 13 2
1 13 13 8
2 13 13
1 9 15 5
2 9 15
3 1 5
3 1 5
1 1 5 13
2 1 5
3 5 19
1 5 19 1
1 5 19 13
2 5 19
3 5 13
1 5 13 6
1 5 13 17
2 5 13
1 9 17 0
2 9 17
1 17 1 1
1 17 1 7
1 17 1 14
2 17 1
1 5 15 14
2 5 15
1 5 7 17
2 5 7
1 17 1 5
1 17 1 17
2 17 1
1 1 17 5
2 1 17
3 17 1
1 17 1 4
1 17 1 4
1 17 1 10
2 17 1
3 1 19
1 1 19 6
1 1 19 9
2 1 19
3 9 17
1 9 17 6
2 9 17
1 5 9 3
1 5 9 9
2 5 9
1 9 17 10
1 9 17 15
2 9 17
1 13 13 15
2 13 13
1 5 17 9
2 5 17
1 13 19 7
2 13 19
1 1 11 8
2 1 11
1 9 19 17
2 9 19
3 5 13
1 5 13 14
1 5 13 18
2 5 13
1 13 3 3
2 13 3
1 9 13 10
2 9 13
1 5 13 12
2 5 13
1 13 19 0
1 13 19 4
1 13 19 11
1 13 19 14
2 13 19
1 1 1 13
2 1 1
3 1 9
1 1 9 13
2 1 9
1 1 5 8
1 1 5 10
2 1 5
1 1 9 3
1 1 9 6
2 1 9
1 5 17 5
2 5 17
3 13 5
1 13 5 10
1 13 5 13
2 13 5
1 13 17 10
1 13 17 17
2 13 17
2 9 9
3 13 15
1 13 15 0
1 13 15 11
2 13 15
1 1 9 10
2 1 9
3 5 5
3 5 5
1 5 5 8
1 5 5 18
2 5 5
1 1 3 4
2 1 3
3 5 9
1 5 9 4
2 5 9
2 1 1
1 13 11 14
2 13 11
1 1 17 10
2 1 17
3 9 15
1 9 15 5
2 9 15
3 13 7
1 13 7 5
1 13 7 13
2 13 7
3 1 1
1 1 1 16
2 1 1
2 5 1
1 17 1 0
1 17 1 6
2 17 1
3 1 3
1 1 3 12
2 1 3
1 13 5 13
2 13 5
1 1 5 3
1 1 5 11
2 1 5
1 13 5 4
2 13 5
3 9 11
3 9 11
1 9 11 4
1 9 11 8
2 9 11
1 9 17 15
2 9 17
1 13 5 7
2 13 5
3 9 15
1 9 15 5
1 9 15 11
2 9 15
1 1 1 15
1 1 1 15
2 1 1
3 5 3
1 5 3 16
2 5 3
1 5 11 16
2 5 11
3 1 9
1 1 9 0
1 1 9 18
2 1 9
1 17 1 1
1 17 1 17
2 17 1
1 1 1 11
1 1 1 13
2 1 1
1 5 3 4
2 5 3
1 13 3 15
2 13 3
3 5 3
1 5 3 9
2 5 3
1 5 3 6
1 5 3 6
1 5 3 14
2 5 3
1 13 19 12
2 13 19
3 1 7
1 1 7 7
1 1 7 7
2 1 7
1 9 3 16
2 9 3
3 9 7
1 9 7 14
1 9 7 14
2 9 7
3 1 15
1 1 15 2
1 1 15 17
2 1 15
1 13 17 7
2 13 17
2 1 7
1 5 13 3
2 5 13
1 1 7 10
1 1 7 13
2 1 7
1 5 19 19
2 5 19
3 1 17
1 1 17 0
2 1 17
1 5 1 0
1 5 1 9
2 5 1
3 1 11
1 1 11 8
1 1 11 17
2 1 11
1 1 3 2
1 1 3 10
2 1 3
1 9 19 7
2 9 19
1 5 9 0
1 5 9 11
2 5 9
1 1 3 1
2 1 3
1 9 17 7
2 9 17
1 5 15 10
2 5 15
2 5 15
1 13 1 11
2 13 1
2 9 9
1 5 13 19
2 5 13
1 9 15 2
2 9 15
1 9 11 9
1 9 11 10
2 9 11
1 5 9 4
2 5 9
1 5 9 6
1 5 9 17
2 5 9
1 1 17 9
2 1 17
1 5 15 10
2 5 15
3 9 9
1 9 9 0
1 9 9 2
2 9 9
1 9 15 12
1 9 15 16
2 9 15
1 9 19 17
2 9 19
3 9 17
1 9 17 16
2 9 17
1 9 9 12
2 9 9
1 17 3 0
1 17 3 3
1 17 3 15
2 17 3
2 5 19
1 1 17 3
1 1 17 5
2 1 17
2 13 17
2 1 19
1 9 17 5
2 9 17
1 1 17 15
2 1 17
1 17 3 4
1 17 3 4
1 17 3 11
1 17 3 13
1 17 3 17
2 17 3
1 9 9 19
2 9 9
3 5 11
1 5 11 8
2 5 11
1 9 9 9
2 9 9
3 1 19
1 1 19 1
1 1 19 13
2 1 19
1 1 11 0
1 1 11 9
2 1 11
3 9 15
3 9 15
1 9 15 8
1 9 15 12
2 9 15
1 9 7 4
2 9 7
3 17 1
1 17 1 18
1 17 1 18
2 17 1
1 1 7 4
2 1 7
1 1 17 19
2 1 17
2 13 11
1 13 15 4
2 13 15
1 13 11 14
1 13 11 16
2 13 11
3 9 11
1 9 11 6
1 9 11 17
2 9 11
1 1 1 5
2 1 1
1 9 9 0
1 9 9 6
1 9 9 6
2 9 9
1 9 15 3
2 9 15
3 1 5
1 1 5 15
1 1 5 19
2 1 5
2 5 17
3 13 5
1 13 5 1
2 13 5
1 13 9 0
1 13 9 6
2 13 9
1 17 5 3
1 17 5 3
1 17 5 11
1 17 5 17
1 17 5 19
2 17 5
1 13 5 16
1 13 5 16
2 13 5
1 17 1 1
1 17 1 7
2 17 1
1 9 5 5
2 9 5
1 5 17 6
1 5 17 18
2 5 17
1 13 11 19
2 13 11
1 5 9 12
2 5 9
3 9 11
1 9 11 2
1 9 11 18
2 9 11
1 9 15 3
1 9 15 11
2 9 15
1 5 15 0
2 5 15
1 1 7 9
2 1 7
1 5 7 9
2 5 7
3 5 7
1 5 7 1
1 5 7 9
2 5 7
1 1 11 17
2 1 11
1 17 5 0
1 17 5 8
1 17 5 15
2 17 5
1 9 17 0
1 9 17 14
2 9 17
1 1 19 11
1 1 19 11
2 1 19
1 5 11 8
1 5 11 19
2 5 11
1 5 19 2
1 5 19 14
2 5 19
3 9 19
1 9 19 1
1 9 19 14
2 9 19
1 5 1 4
2 5 1
1 9 19 8
2 9 19
1 5 5 14
1 5 5 17
2 5 5
3 1 3
1 1 3 7
2 1 3
1 13 17 12
2 13 17
3 13 13
1 13 13 18
1 13 13 18
2 13 13
1 1 11 19
2 1 11
1 5 15 4
2 5 15
1 17 7 9
1 17 7 9
1 17 7 15
1 17 7 19
2 17 7
2 1 7
1 9 11 15
2 9 11
1 5 11 11
2 5 11
1 13 5 18
2 13 5
1 5 15 0
1 5 15 1
2 5 15
1 13 9 1
2 13 9
1 5 7 12
2 5 7
1 13 9 10
2 13 9
1 13 15 17
2 13 15
1 1 3 5
1 1 3 18
2 1 3
3 13 15
1 13 15 10
2 13 15
1 13 3 5
2 13 3
3 9 11
1 9 11 8
1 9 11 11
2 9 11
1 9 13 15
1 9 13 17
2 9 13
1 13 9 7
2 13 9
1 17 3 5
1 17 3 11
2 17 3
1 17 7 5
1 17 7 15
2 17 7
1 13 9 16
2 13 9
3 9 11
1 9 11 9
1 9 11 11
2 9 11
1 13 17 1
1 13 17 7
2 13 17
1 13 1 16
2 13 1
1 17 9 10
1 17 9 13
1 17 9 18
1 17 9 18
2 17 9
3 1 7
1 1 7 13
1 1 7 19
2 1 7
1 17 9 0
1 17 9 3
1 17 9 6
1 17 9 8
2 17 9
1 5 13 19
2 5 13
1 13 9 4
2 13 9
3 17 9
1 17 9 6
2 17 9
1 17 11 1
1 17 11 3
1 17 11 11
1 17 11 18
2 17 11
2 1 9
1 17 13 0
1 17 13 16
1 17 13 17
1 17 13 19
2 17 13
1 17 13 3
1 17 13 15
1 17 13 16
2 17 13
2 13 3
3 17 11
1 17 11 4
2 17 11
1 17 13 13
1 17 13 15
2 17 13
3 9 1
1 9 1 1
1 9 1 12
2 9 1
1 13 3 0
1 13 3 7
2 13 3
3 9 5
1 9 5 9
1 9 5 16
2 9 5
3 13 7
3 13 7
3 13 7
1 13 7 19
2 13 7
3 13 11
1 13 11 9
1 13 11 18
2 13 11
1 17 9 12
1 17 9 19
2 17 9
3 17 11
1 17 11 7
1 17 11 8
1 17 11 19
2 17 11
2 17 9
1 5 11 1
2 5 11
1 17 5 0
1 17 5 1
2 17 5
2 5 1
3 5 19
1 5 19 8
2 5 19
1 17 11 1
1 17 11 14
1 17 11 16
2 17 11
2 5 13
1 1 9 4
1 1 9 10
2 1 9
1 9 15 9
2 9 15
1 13 7 18
2 13 7
1 1 17 18
2 1 17
1 17 9 8
1 17 9 15
1 17 9 17
2 17 9
1 13 9 17
2 13 9
1 13 5 13
2 13 5
3 1 7
3 1 7
1 1 7 7
2 1 7
1 5 1 18
2 5 1
1 13 7 1
1 13 7 14
1 13 7 19
2 13 7
1 9 17 2
2 9 17
3 9 13
1 9 13 4
1 9 13 4
2 9 13
1 9 5 12
2 9 5
1 5 3 0
2 5 3
1 17 7 14
1 17 7 18
2 17 7
1 5 15 3
2 5 15
1 13 7 10
1 13 7 15
2 13 7
1 17 15 3
1 17 15 11
1 17 15 12
1 17 15 13
2 17 15
1 9 11 9
2 9 11
1 17 7 16
1 17 7 17
2 17 7
1 1 5 16
2 1 5
1 17 1 6
2 17 1
1 1 5 18
2 1 5
3 13 5
1 13 5 10
1 13 5 12
2 13 5
3 9 9
1 9 9 1
1 9 9 3
2 9 9
1 17 13 2
1 17 13 15
2 17 13
1 17 17 2
1 17 17 11
2 17 17
3 13 7
1 13 7 7
1 13 7 13
2 13 7
1 1 7 18
1 1 7 18
2 1 7
1 1 17 7
2 1 17
1 17 7 0
1 17 7 10
2 17 7
1 17 15 17
2 17 15
1 1 7 1
1 1 7 6
1 1 7 13
2 1 7
1 13 15 18
2 13 15
2 17 15
1 17 11 5
1 17 11 8
2 17 11
1 1 9 8
2 1 9
1 17 7 19
2 17 7
1 17 17 9
1 17 17 13
1 17 17 15
2 17 17
3 17 7
1 17 7 2
1 17 7 14
2 17 7
1 13 15 9
1 13 15 9
2 13 15
3 17 7
1 17 7 2
1 17 7 7
2 17 7
1 13 9 8
2 13 9
1 17 19 0
1 17 19 1
1 17 19 1
1 17 19 1
2 17 19
1 9 17 1
2 9 17
3 9 3
1 9 3 3
1 9 3 11
2 9 3
3 5 11
1 5 11 8
2 5 11
1 17 3 13
2 17 3
1 5 11 1
2 5 11
3 17 1
1 17 1 9
2 17 1
1 13 15 7
2 13 15
1 9 17 8
2 9 17
3 17 3
1 17 3 11
1 17 3 19
2 17 3
1 17 15 2
2 17 15
1 13 11 17
2 13 11
1 17 11 3
1 17 11 4
2 17 11
3 9 7
1 9 7 2
1 9 7 2
2 9 7
1 13 5 13
2 13 5
3 9 5
1 9 5 10
2 9 5
1 1 7 12
2 1 7
1 5 13 6
1 5 13 13
2 5 13
1 17 5 10
2 17 5
1 5 11 18
2 5 11
1 17 17 1
1 17 17 8
1 17 17 15
1 17 17 15
2 17 17
1 9 3 10
2 9 3
3 1 11
1 1 11 9
2 1 11
