=== AHC053 詳細分析結果 ===
カード総数: 500
山の数: 50
総誤差: 151,933,656,460
廃棄カード数: 60 (12.0%)

=== 廃棄カード一覧 ===
 1. Card  60: 237,580,804,731
 2. Card  69: 236,427,776,837
 3. Card 231: 235,782,952,699
 4. Card  73: 233,067,225,880
 5. Card  90: 229,234,685,698
 6. Card 228: 225,504,683,976
 7. Card 128: 225,319,988,993
 8. Card 151: 224,357,641,972
 9. Card  59: 222,265,427,141
10. Card 145: 221,675,630,383
11. Card 211: 219,850,910,890
12. Card 124: 219,449,337,408
13. Card  66: 219,159,392,456
14. Card  94: 216,926,367,959
15. Card 176: 209,932,425,161
16. Card 229: 207,639,892,475
17. Card 168: 207,495,730,106
18. Card 138: 207,173,193,748
19. Card 171: 203,829,690,207
20. Card 170: 199,354,782,535
21. Card 104: 198,795,801,323
22. Card 113: 196,917,370,261
23. Card 177: 191,276,615,043
24. Card 222: 189,477,351,664
25. Card 154: 189,021,212,297
26. Card 226: 185,924,406,160
27. Card 157: 184,711,893,407
28. Card 149: 182,976,161,717
29. Card 120: 182,333,177,155
30. Card 129: 179,198,201,013
31. Card 172: 178,685,316,693
32. Card 239: 178,625,173,336
33. Card 125: 178,080,157,591
34. Card 130: 176,593,327,725
35. Card 192: 175,748,544,263
36. Card 178: 174,603,120,133
37. Card 196: 172,553,880,820
38. Card 165: 168,470,772,091
39. Card  72: 168,294,941,847
40. Card  83: 168,264,438,782
41. Card 133: 164,802,529,650
42. Card  63: 164,190,098,253
43. Card 147: 161,977,324,586
44. Card  82: 157,689,759,067
45. Card  65: 155,639,054,150
46. Card 109: 153,287,496,136
47. Card 195: 152,062,515,960
48. Card 139: 146,754,170,448
49. Card 122: 145,557,542,891
50. Card 114: 143,250,779,541
51. Card 153: 140,519,304,277
52. Card 105: 139,571,445,675
53. Card 184: 134,727,826,638
54. Card  51: 133,260,392,198
55. Card 223: 132,331,438,057
56. Card 175: 128,448,365,234
57. Card 188: 127,157,355,916
58. Card 116: 124,038,442,266
59. Card 167: 119,973,217,446
60. Card 425:               1

=== 各山の状況（誤差の大きい順）===
Pile     Current Sum          Target        Error          Status Cards
--------------------------------------------------------------------------------
  19 999,452,244,991,710 999,470,655,345,332 18,410,353,622 不足18,410,353,622     3
  18 999,429,778,342,857 999,416,326,842,410 13,451,500,447 超過13,451,500,447     4
   2 998,049,443,541,843 998,062,179,325,428 12,735,783,585 不足12,735,783,585   127
  37 1,000,777,043,194,450 1,000,767,417,567,044 9,625,627,406 超過9,625,627,406     3
  10 998,674,237,860,135 998,682,519,402,988 8,281,542,853 不足8,281,542,853     3
  44 1,001,438,807,316,243 1,001,430,765,534,724 8,041,781,519 超過8,041,781,519     4
  43 1,001,394,789,825,737 1,001,389,591,805,148 5,198,020,589 超過5,198,020,589     4
  50 1,001,947,597,446,962 1,001,942,594,092,922 5,003,354,040 超過5,003,354,040     4
   1 998,063,544,324,365 998,058,954,691,476 4,589,632,889 超過4,589,632,889    13
  22 999,737,725,365,753 999,733,180,699,583 4,544,666,170 超過4,544,666,170     4
  39 1,000,902,108,751,830 1,000,898,164,990,701 3,943,761,129 超過3,943,761,129     2
  48 1,001,933,764,499,595 1,001,937,551,585,457 3,787,085,862 不足3,787,085,862     4
  35 1,000,638,126,422,403 1,000,634,389,659,772 3,736,762,631 超過3,736,762,631     3
  20 999,507,467,378,215 999,511,201,564,092 3,734,185,877 不足3,734,185,877     3
  16 999,087,163,142,979 999,083,824,925,783 3,338,217,196 超過3,338,217,196     3
  12 998,930,490,753,388 998,927,530,907,961 2,959,845,427 超過2,959,845,427     4
   5 998,348,886,276,727 998,351,835,498,351 2,949,221,624 不足2,949,221,624     5
  49 1,001,939,009,394,850 1,001,941,821,349,392 2,811,954,542 不足2,811,954,542     4
  31 1,000,425,245,492,410 1,000,427,823,580,033 2,578,087,623 不足2,578,087,623     4
  24 999,822,086,793,954 999,824,602,879,851 2,516,085,897 不足2,516,085,897     4
  29 1,000,260,052,376,985 1,000,261,981,388,740 1,929,011,755 不足1,929,011,755     4
  36 1,000,670,927,249,827 1,000,669,159,921,753 1,767,328,074 超過1,767,328,074     3
  27 1,000,115,306,489,319 1,000,113,594,410,809 1,712,078,510 超過1,712,078,510     4
  13 999,035,745,707,822 999,037,445,746,748 1,700,038,926 不足1,700,038,926     5
  45 1,001,504,406,526,891 1,001,506,010,236,612 1,603,709,721 不足1,603,709,721     3
  17 999,299,382,826,005 999,300,946,712,789 1,563,886,784 不足1,563,886,784     4
   9 998,651,420,180,092 998,649,984,970,544 1,435,209,548 超過1,435,209,548     4
  11 998,716,020,058,895 998,714,644,947,675 1,375,111,220 超過1,375,111,220     4
  33 1,000,515,192,543,380 1,000,513,933,433,386 1,259,109,994 超過1,259,109,994     4
  40 1,001,034,529,407,697 1,001,035,784,679,782 1,255,272,085 不足1,255,272,085     4
  28 1,000,135,492,911,780 1,000,134,247,761,953 1,245,149,827 超過1,245,149,827     3
  46 1,001,678,628,319,200 1,001,677,433,222,787 1,195,096,413 超過1,195,096,413     4
  47 1,001,686,751,847,005 1,001,687,914,384,899 1,162,537,894 不足1,162,537,894     4
   6 998,480,832,976,807 998,479,711,871,757 1,121,105,050 超過1,121,105,050     5
  41 1,001,192,182,585,543 1,001,193,279,528,182 1,096,942,639 不足1,096,942,639     4
  38 1,000,815,318,468,347 1,000,814,244,701,683 1,073,766,664 超過1,073,766,664     3
   4 998,284,930,721,166 998,285,976,976,074 1,046,254,908 不足1,046,254,908     4
  26 999,910,107,423,187 999,909,198,157,309  909,265,878   超過909,265,878     4
   8 998,639,054,067,418 998,639,958,839,497  904,772,079   不足904,772,079     4
  23 999,800,942,981,795 999,800,169,022,221  773,959,574   超過773,959,574     4
  14 999,054,076,011,953 999,053,442,292,096  633,719,857   超過633,719,857     4
   3 998,147,917,286,764 998,148,508,707,721  591,420,957   不足591,420,957   123
  34 1,000,603,597,655,486 1,000,603,144,349,968  453,305,518   超過453,305,518     3
  25 999,902,261,750,950 999,901,898,078,819  363,672,131   超過363,672,131     4
  21 999,584,553,995,446 999,584,904,930,613  350,935,167   不足350,935,167     3
  15 999,065,527,589,376 999,065,862,502,772  334,913,396   不足334,913,396     3
   7 998,532,055,473,141 998,531,737,361,836  318,111,305   超過318,111,305     5
  32 1,000,457,084,340,995 1,000,456,844,603,287  239,737,708   超過239,737,708     4
  30 1,000,359,536,698,677 1,000,359,724,494,146  187,795,469   不足187,795,469     4
  42 1,001,261,235,390,768 1,001,261,142,424,287   92,966,481    超過92,966,481     4

=== 廃棄カードによる改善可能性（上位20件）===
Card           Value Pile  Improvement
--------------------------------------------------
 425               1   19            1
 425               1    2            1
 425               1   10            1
 425               1   48            1
 425               1   20            1
 425               1    5            1
 425               1   49            1
 425               1   31            1
 425               1   24            1
 425               1   29            1
 425               1   13            1
 425               1   45            1
 425               1   17            1
 425               1   40            1
 425               1   47            1
 425               1   41            1
 425               1    4            1
 425               1    8            1
 425               1    3            1
 425               1   21            1
